dataHoraInicio;keywords;tipoDiscurso;transcricao
2011-02-08T14:12;JOSÉ EDURADO CARDOZO, MINISTRO DE ESTADO, MINISTÉRIO DA JUSTIÇA, VISITA, PR, UNIFICAÇÃO, ATIVIDADE POLICIAL, POÍCIA FEDERAL, POLÍCIA MILTIAR, POLÍCIA CIVIL, POLÍICA RODOVIÁRIA FEDERAL, FORÇA NACIONAL, ZONA DE FRONTEIRA, APOIO.;PEQUENO EXPEDIENTE;"O SR. ZECA DIRCEU (Bloco/PT-PR. Sem revisão do orador.) - Boa tarde Sra. Presidenta, e todos os presentes.
	Quero citar a importante visita que o Paraná recebeu do Ministro da Justiça, José Eduardo Cardozo, que já neste início de ano propôs ações importantes junto ao Estado, unificando, principalmente na fronteira, ações das Polícias Federal, Militar, Civil e Rodoviária Federal, Exército e Força Nacional. A Polícia Federal já vinha desempenhando um grande trabalho. Agora, com essa possibilidade de parceria, esperamos ver ações ainda mais amplas e eficientes.
	Neste meu breve pronunciamento, quero, além de prestar essa informação, saudar todos os colegas. Estreio nesta Casa, depois de ter ocupado, por 10 anos cargos, no Executivo. Esta é minha primeira experiência no Legislativo, depois de ter sido Prefeito por duas vezes e Secretário Municipal.
	Muito obrigado."
2011-02-14T15:27;"ZECA DIRCEU, DEPUTADO FEDERAL, ELEITORADO, FAMÍLIA, MEMBROS, COLIGAÇÃO PARTIDÁRIA, AGRADECIMENTO.
ZECA DIRCEU, DEPUTADO FEDERAL, ATIVIDADE POLÍTICA, CARGO ELETIVO, PREFEITO, MUNICÍPIO, CRUZEIRO DO OESTE, PR, ATUAÇÃO.
ZECA DIRECEU, DEPUTADO FEDERAL, ATUAÇÃO PARLAMENTAR, COMPROMISSO.";GRANDE EXPEDIENTE;"O SR. ZECA DIRCEU (PT-PR. Sem revisão do orador.) - Sra. Presidente, Sras. e Srs. Deputados, ouvintes da Voz do Brasil, público que acompanha os trabalhos desta Casa de leis pela TV Câmara, é não só com muita responsabilidade e orgulho, mas também com muita emoção que falo no Grande Expediente desta Casa pela primeira vez.
	Peço licença a todos para dirigir uma mensagem de agradecimento ao meu Estado do Paraná, aos 109.465 paranaenses que me confiaram o voto e me deram a oportunidade de exercer, pela primeira vez, o mandato de Deputado Federal.
	O Sr. Mauro Benevides - Se V.Exa. me permite uma breve intervenção, Deputado Zeca Dirceu, eu gostaria de saudar sua presença na tribuna. Com sua juventude, V.Exa. será um reforço para que esta Casa cumpra suas nobilitantes finalidades institucionais. V.Exa. tem tradição, dado o histórico do seu pai, e virtudes pessoais na vida política, Prefeito que foi de sua cidade, onde projetou uma imagem de realizações positivas em favor do povo. Por isso, nós prognosticamos que V.Exa. certamente haverá de ter um desempenho à altura das expectativas do povo do Estado do Paraná. Transmito-lhe desta tribuna os meus cumprimentos.
	O SR. ZECA DIRCEU - Muito obrigado, Deputado.
	Faço um agradecimento especial a Cruzeiro do Oeste, pequeno Município de 20 mil habitantes no noroeste do Paraná que tive a oportunidade de administrar duas vezes e que me deu a expressiva votação de 80% dos seus eleitores. Também registro meu agradecimento à cidade de Umuarama, onde nasci, cidade que também me deu uma excelente votação.
	Cito também com carinho especial os Municípios de Guaporema, Cidade Gaúcha, Tuneiras do Oeste, Tapejara e Santa Inês, que me deram 30%, 40%, 50% dos seus votos. A essa população devo muito minha presença nesta Casa de leis.
	Nos Municípios de Cianorte e Paranavaí, polos regionais do Paraná, tive a honra de ser o Deputado Federal mais votado.
	Concedo um aparte ao nobre Deputado Sibá Machado.
	O Sr. Sibá Machado - Deputado Zeca Dirceu, faço questão de, no início da sua apresentação, parabenizá-lo por este momento em que V.Exa. inaugura a tribuna da Casa. A política está no seu sangue. Apesar de V.Exa. ter uma experiência ainda muito recente na vida pública, já mostrou a que veio quando foi Prefeito de Município. Trago o abraço de toda a nossa bancada, que com alegria o recebe. Espero neste período em que estivermos juntos aprender muito com V.Exa. Parabéns!
	O SR. ZECA DIRCEU - Obrigado, Deputado Sibá Machado. Espero honrar neste Parlamento não só o meu Estado e os eleitores que me trouxeram aqui, mas também a história do nosso partido, que completou neste mês 31 anos, uma história que vivenciei de maneira muito profunda. Lembro-me bem, eu ainda garoto, criança, das idas e vindas até São Paulo, Estado em que meu pai reside, e da maneira como cresci, praticamente dentro das reuniões, acompanhando os debates no Partido dos Trabalhadores. Espero poder, junto com V.Exas., mais experientes que eu, continuar esse grande trabalho que faz da nossa bancada uma referência para o País.
	Concedo um aparte ao amigo Deputado Danilo Forte.
	O Sr. Danilo Forte - Deputado Zeca Dirceu, gostaria de parabenizá-lo e ao povo de Cruzeiro do Oeste, cidade que tive a oportunidade de conhecer ao seu lado. Testemunhei o magnífico trabalho que V.Exa. lá realizou - apesar de não ser uma cidade polo da região, Cruzeiro do Oeste é uma cidade muito bem tratada, limpa, com esgotamento sanitário - e a grande liderança que V.Exa. exerce em toda a região, onde tivemos a oportunidade de estar juntos em 23 Municípios. Já naquela época eu percebi a vontade que aquele povo tinha de elegê-lo. Espero que V.Exa. corresponda, como fez no Executivo, à expectativa do povo do Paraná. Meus parabéns ao povo do Paraná e ao Deputado Zeca Dirceu.
	O SR. ZECA DIRCEU - Deputado Danilo, fico feliz com a sua intervenção. V.Exa. sabe que sou grato à sua pessoa, à FUNASA e ao Governo Federal pelas boas oportunidades de parceria que proporcionaram ao Município de Cruzeiro do Oeste, cidade que me projetou na política do Paraná depois de dois mandatos de Prefeito. Fica registrada a minha gratidão a V.Exa.
	Ouço o aparte do meu amigo Deputado João Paulo Lima, ex-Prefeito e, como eu, municipalista.
	O Sr. João Paulo Lima - Deputado Zeca Dirceu, primeiro quero parabenizá-lo pela votação. V.Exa. é um excelente quadro do nosso partido. Falo com a alegria de quem foi Prefeito, apesar de todas as dificuldades, e tem a clara compreensão de quanto um Prefeito pode melhorar a vida de milhares e milhares de pessoas. Quem teve um bom desempenho na condição de Prefeito e chega a esta Casa com a legitimidade do voto do povo sem sombra de dúvidas vai dar uma grande contribuição ao nosso partido e ao Parlamento brasileiro. Um bom trabalho a V.Exa. e a nós todos.
	O SR. ZECA DIRCEU - Obrigado, Deputado João Paulo Lima.
	O Sr. Renan Filho - Deputado Zeca Dirceu, sou o Deputado Renan Filho, de Alagoas. Quero cumprimentá-lo neste seu primeiro pronunciamento. Há uma semelhança muito grande entre nós dois. V.Exa. foi por dois mandatos Prefeito de Cruzeiro do Oeste, e eu fui, também por dois mandatos, Prefeito de Murici, e agora estamos estreando na Câmara Federal. Desejo a V.Exa. as melhores ideias e a melhor sorte possível para que possa desempenhar um bom bonito mandato nesta Câmara, garantindo benefícios para o povo brasileiro. Parabéns por sua eleição.
	O SR. ZECA DIRCEU - Obrigado, Deputados Renan Filho e João Paulo Lima, municipalistas como eu.
	Fiz uma pesquisa rápida antes de vir ao plenário e vi que já somos cerca de 130 ex-Prefeitos na Câmara Federal e no Senado. Com certeza temos grandes desafios pela frente. 
	Dando continuidade ao meu pronunciamento, quero agradecer às 355 cidades do Paraná que me deram a oportunidade de estar nesta Casa, em especial ao noroeste e ao oeste do Estado, pois dos meus 109 mil votos, 80 mil vieram dessas regiões.
	E faço uma menção particular de gratidão à região da AMERIOS, composta de 32 cidades, entre elas algumas já citadas, e onde recebi algo em torno de 50 mil votos dos 109 mil que conquistei. 
	Faço um agradecimento, a partir de uma gratidão imensa, à minha mãe, Clara Becker; ao meu pai, José Dirceu; à minha filha Camila, pessoas que me ajudaram e me acompanharam durante todas as minhas eleições. 
	Chego à Câmara dos Deputados depois de ter disputado cinco eleições, ainda jovem, com 32 anos, já acumulando um pouco dos embates, dos desafios e dos avanços possíveis de serem feitos, a partir dos processos eleitorais e do dia a dia da vida pública. Espero dar continuidade a eles durante este mandato de Deputado Federal, com muita determinação, com muita garra e com muita ousadia.
	Aqui deixo minha gratidão também a todos os Prefeitos, Vice-Prefeitos, Vereadores e candidatos a Deputado Estadual que dobraram comigo nas eleições de 2010 e que foram muito importantes para que eu pudesse ter me tornado conhecido em todo o Estado e ter tido a votação que me proporcionou ser o segundo Deputado Federal mais votado do Partido dos Trabalhadores e o sexto Deputado Federal mais votado da nossa coligação, que elegeu 12 Deputados Federais que hoje representam o Paraná.
	Um agradecimento especial também à Senadora eleita Gleisi Hoffmann e ao Senador eleito Roberto Requião, que foram meus companheiros não só de campanha, mas também nas duas oportunidades em que fui Prefeito, no período em que fui Secretário Municipal, no período, também de dois anos, em que estive no Governo do Estado.
	Quero deixar a minha gratidão a todos os que comigo construíram uma história que me fez também passar por três mandatos na Associação de Municípios do Paraná, na condição de Vice-Presidente, e me fez ter a oportunidade de conhecer e vivenciar o dia a dia da Associação Brasileira de Municípios e da Confederação Nacional de Municípios e de me apaixonar pela vida pública, pela vida partidária e pela própria experiência que tive de gestor público no Executivo durante quase dez anos.
	Trago para o Congresso Nacional, para a Câmara Federal o sentimento de quem nasceu no interior, sempre viveu numa pequena cidade e, durante dois mandatos de Prefeito, pôde sentir na pele as dificuldades por que o povo passa, o quanto a saúde em nosso País ainda é frágil, o quanto de desafios o Brasil precisa superar na infraestrutura, condições básicas e necessárias para o desenvolvimento do País.
	Nos dois mandatos de Prefeito, no dia a dia, nas conversas, no diálogo com a população, pude sentir não só o tamanho dos problemas, dos desafios que o nosso País tem, mas também os avanços ocorridos neste último ano.
	E faço uma menção especial ao nosso ex-Presidente Lula. Durante os últimos oito anos, junto com a Câmara Federal, com o Senado, com os Governadores, com os Prefeitos, S.Exa. deixou um grande legado: o surgimento de um novo País que cresce, desenvolve-se, gera emprego, distribui renda; um País que apostou na educação, passou a ter uma relação com o mundo de mais soberania e hoje é respeitado mundo afora. Este País nos proporcionou um líder que entra para a história: o Presidente Lula.
	Em minha experiência no Executivo, na condição de Prefeito, tive a certeza de que é possível, sim, fazer política de forma diferente daquela tradicional, mais usual ou daquela forma que muitas vezes é questionada e criticada pelo eleitor e pela grande imprensa. Refiro-me à política feita com o bom uso do dinheiro público.
	Depois de 10 anos no Executivo, saio com todas as minhas contas aprovadas pelo Tribunal de Contas do Estado e pelo Tribunal de Contas da União. Deixo esse período de 10 anos sem nenhuma condenação, sem nenhum processo movido pelo Ministério Público que dissesse respeito às minhas ações administrativas.
	Deixo esse período de 10 anos no Executivo e venho para cá com a certeza de que é possível, sim, fazer política com participação popular.
	Sra. Presidente Rose de Freitas, vivi em meu Município a experiência do Orçamento Participativo - e sei que o Deputado João Paulo Lima também viveu essa experiência em Recife -, da presença constante da população, encarando os seus problemas e os seus desafios, problemas e desafios dos quais espero tratar, cada vez que vier a esta tribuna, de forma objetiva, concreta, até porque entendo que estamos aqui para dar respostas muito claras à população brasileira e, no meu caso, em especial ao povo do Paraná.
	Elegi-me Prefeito em 2004 com 70% dos votos. Fui reeleito em 2008 com 70% dos votos. Como disse no início, saí da minha cidade nas eleições de 2010 com 80% dos votos da população, o que me faz trazer para cá o entusiasmo de que a política pode ser feita também com aprovação política, com boa relação, em harmonia com a população.
	Trago para cá também as experiências que tive como Prefeito com os programas municipais que implantei, junto com minha equipe competente e qualificada de Secretários e assessores, com o apoio sempre constante da Câmara de Vereadores.
	Refiro-me a programas como o AMAI, que tem reduzido muito a mortalidade infantil em nosso Município. Esses programas podem e devem ser estendidos por leis aprovadas nesta Casa, com ações do Governo Federal para um conjunto cada vez maior de Municípios. Refiro-me a programas como o Terra Fértil, que subsidiou e até hoje subsidia a agricultura familiar na aquisição de insumos para melhorar a qualidade do solo, na mecanização agrícola, na preparação de estradas rurais, enfim, deu a oportunidade ao meu Governo, em Cruzeiro do Oeste, de receber a Medalha de Mérito Municipalista da Associação Brasileira de Municípios, pela importância e pelo impacto na economia e no desenvolvimento daquela cidade. Refiro-me a programas como o Mais Saúde, Fábrica de Mão de Obra, o Pró-Melhor e a ações de educação integral.
Vi uma pequena cidade do interior, com as mesmas dificuldades dos Municípios brasileiros - poucos recursos, limitações, grandes demandas -, sair do zero e hoje ter 60% das suas crianças na educação integral. Vi um Município que pouco investia na área da saúde se somar ao Governo do Estado, ao mandato do Presidente Lula, e investir, no último ano em que fui Prefeito, em torno de 29% de tudo o que arrecada.
	Com as experiências desses programas, vivi momentos gloriosos. Recebi o prêmio SEBRAE Prefeito Empreendedor pelo Programa Fábrica de Mão de Obra, programa de uma pequena cidade de 20 mil habitantes que já entregou mais de 5 mil certificados de qualificação e capacitação profissional.
	Essas ações eu vivi quando era Prefeito. Construí uma relação com vários outros Municípios paranaenses, brasileiros, na minha militância na Associação Paranaense de Municípios, da Associação Brasileira de Municípios. Espero poder debater e somar forças com cada um dos Deputados, com o povo do meu Estado, com as demais lideranças políticas, a fim de proporcionar ao País resultados que possam fazer as pessoas se orgulharem da política e perceberem que, a partir de decisões políticas, medidas importantes podem, sim, mudar e melhorar a sua vida, como tão bem fez o Presidente Lula nos últimos anos, com o apoio de grande parte dos que estão aqui, e como tão bem tem feito a Presidenta Dilma nos seus primeiros dias de Governo, que já começam a marcar a história, a marcar resultados e atitudes concretas no País.
	O Sr. Amaury Teixeira - Deputado, quero parabenizá-lo pelas suas gestões municipais. O meu aparte é no sentido do fortalecimento dos Municípios. V.Exa., que foi Prefeito, o Deputado João Paulo e eu temos certeza de que os Municípios brasileiros precisam ser dotados de maiores recursos para cumprirem as suas obrigações constitucionais, tanto na área de saúde quanto na de educação. Pode contar conosco nessa frente pelo fortalecimento dos Municípios.
	O SR. ZECA DIRCEU - Muito grato. Estaremos juntos. Tenho certeza de que avanços acontecerão.
Além de trazer um pouco dessa minha experiência do Executivo, da minha vivência nesses 10 anos como Prefeito, como Secretário Municipal e coordenador das ações do Estado, quero somar-me ao País nas agendas maiores: reforma política e reforma tributária. Disputei cinco eleições e vi o quanto nosso sistema político e eleitoral está superado e precisa, urgentemente, de reformas e de grandes mudanças.
Não podemos mais conviver com o abuso do poder financeiro a cada eleição. Muitas vezes uma representação partidária não se expressa na vontade e no voto do eleitor. Não podemos aceitar a judicialização da política e dos resultados das eleições, cada vez mais constantes.
Ao chegar aqui, conversando já nas primeiras semanas com Deputados e Deputadas, Senadores e Senadoras, percebi que há, sim, vontade e disposição de muitos para fazer, de fato, a reforma política que este País não só espera, mas de que tanto necessita. É claro que quero debater as questões importantes relacionadas à reforma tributária.
Antes de participar da vida pública, fui um pequeno empresário no interior do Paraná, de 1995 a 2000. Na minha família está o segmento da confecção, atividade empresarial que perdura até hoje. Percebo o quanto podemos avançar ainda no que diz respeito à reforma tributária.
Tenho certeza de que a Presidente Dilma Rousseff terá coragem de também dar o apoio, o respaldo político necessário para que todos nós aqui possamos aprovar essa grande reforma.
O Presidente Lula, em 2009, teve a coragem de tirar impostos, principalmente o IPI, da indústria automobilística, da indústria de móveis, de eletrodomésticos, de motocicletas. Talvez, num primeiro momento, essa redução de impostos tenha parecido trazer uma grande perda de arrecadação para os Municípios, para o País. No entanto, depois, no final de 2009, mostrou-se acertada. Com a diminuição de impostos, provou-se ser possível ousar nas questões tributárias e ao mesmo tempo fazer a arrecadação do País continuar em níveis satisfatórios. Em 2009, medidas tiraram o Brasil da crise de maneira que gerava dúvidas. Mas surpreenderam-se não só os que duvidavam, mas o mundo.
Sei da importância da reforma tributária e da reforma política, mas não quero deixar de debater questões que considero essenciais que não estão nessas duas pautas. Cito o financiamento para a área da saúde e a regulamentação da Emenda Constitucional nº 29.
Fui Prefeito duas vezes, recebi o Prêmio Brasil Sorridente, no Paraná, fiquei em quarto lugar na disputa nacional e deixei o Município investindo quase 30% de toda sua arrecadação na área de saúde. Sei o quanto o financiamento para a Saúde e a regulamentação da Emenda Constitucional nº são necessários.
	Quero discutir outras questões relacionadas às políticas sociais do Governo Dilma que precisam continuar acontecendo, como as ações que dizem respeito às áreas de segurança pública e agricultura. 
Venho de Estado agrícola, de pequena cidade que depende da agricultura para crescer e desenvolver-se.
Em minha atuação nas Comissões, não deixarei de honrar o tema agricultura, tão importante para o País, como também estarei atento às questões de infraestrutura de transporte e logística. 
Nos últimos anos, com a criação do PAC, o País avançou, mas ainda são inúmeros os desafios para 2011 e para os próximos anos. Melhorar os aeroportos, duplicar as rodovias, ampliar e fortalecer o sistema férreo do Brasil são algumas medidas essenciais para um país que quer crescer à taxa de 5%, 6%, 7% do PIB, conforme se percebe da opinião de empresários e produtores rurais.
	Espero ter trazido para esta tribuna um pouco do meu entusiasmo, da minha determinação, da minha origem político-partidária. Quero somar-me ao PT e às bancadas dos demais partidos no bom debate, e também com a Oposição, a fim de contribuir para o fortalecimento da democracia, para a consolidação de um novo País que surgiu no Governo Lula e que, tenho certeza, terá continuidade na gestão da Presidente Dilma, orgulhando-nos e proporcionando ao povo brasileiro bons momentos de felicidade.
	Muito obrigado.
A SRA. PRESIDENTA (Rose de Freitas) - Parabenizo o Deputado Zeca Dirceu pelo pronunciamento. Seja bem-vindo a esta Casa. Todos os Srs. Parlamentares que estão dispostos ao trabalho sabem ocupar seu lugar e contribuir para um Parlamento mais forte.
Acho que todos os Parlamentares presentes, com exceção dos Deputados Renan Filho e Zeca Dirceu, devem conhecer o Deputado Arnaldo Jardim, há muitos anos nesta Casa. S.Exa. tem vasta experiência no setor de minas e energia.
Concedo a palavra ao Sr. Deputado Arnaldo Jardim."
2011-02-23T14:10;MINISTÉRIO DOS TRANSPORTES, LICITAÇÃO, RODOVIA, BR-487, PR, CONCLUSÃO.;PELA ORDEM;"O SR. ZECA DIRCEU (PT-PR. Pela ordem. Sem revisão do orador.) - Sr. Presidente, Sras. e Srs. Deputados, destaco que na semana passada o Ministério dos Transportes concluiu o processo de licitação de importante rodovia federal para o Estado do Paraná. Trata-se da BR-487, a famosa Estrada Boiadeira.
	A rodovia teve as obras iniciadas ainda na década de 90. De lá para cá, houve uma série de idas e vindas, de paralisações por parte do Tribunal de Contas da União. O DNIT conseguiu cancelar os contratos antigos e estabelecer um novo processo de licitação. A obra foi incluída com o PAC 2 e, para meu entusiasmo, já por reiteradas vezes, está com recursos desse programa garantidos pela Presidenta Dilma Rousseff.
	Com certeza, a rodovia vai trazer para o Estado do Paraná e a Região Centro-Oeste uma capacidade maior de escoar a produção agrícola."
2011-03-03T14:42;"DILMA ROUSSEFF, PRESIDENTE DA REPÚBLICA, REAJUSTE, VALOR, BENEFÍCIO, PROGRAMA ASSISTENCIAL, PROGRAMA BOLSA FAMÍLIA, CRESCIMENTO ECONÔMICO, ELOGIO.
PROJETO DE LEI COMPLEMENTAR, REGULAMENTAÇÃO, EMENDA CONSTITUCIONAL, FIXAÇÃO, PERCENTAGEM, APLICAÇÃO DE RECURSOS, SERVIÇOS PÚBLICOS, SAÚDE PÚBLICA, UNIÃO FEDERAL, ESTADOS, DF, MUNICÍPIOS, AVALIAÇÃO, AGILIZAÇÃO, APROVAÇÃO, DEFESA.";PEQUENO EXPEDIENTE;"O SR. ZECA DIRCEU (PT-PR. Sem revisão do orador.) - Sr. Presidente, há necessidade de que, dentro da reforma tributária, este Congresso Nacional debata uma nova fonte de financiamento para a área da saúde.
Tive oportunidade, na condição de Prefeito por duas vezes, de presenciar o quanto temos de desafios e de avanços nessa área tão importante, tão estratégica, que é a saúde para nosso País.
No último ano de governo em meu Município, investia-se 29% de tudo que se arrecadava na área da saúde, o que mostra quanto nosso pacto federativo está desigual, injusto, e muitas vezes sobrando sempre para o Município as maiores tarefas nesta área tão importante que é a da saúde.
Aproveito este momento e esta oportunidade e parabenizo a nossa Presidenta Dilma Rousseff, o Ministério do Desenvolvimento Social, pelo anúncio de reajuste feito agora nos últimos dias do Programa Bolsa Família.
Com certeza, o Programa Bolsa Família desempenha, principalmente no interior do País, nas pequenas cidades, não só uma grande ação social, como também uma ação econômica, distribuindo renda, levando poder de consumo para a população que vive nas pequenas cidades. Vivenciei isso na minha vida, no Estado do Paraná, onde muitos pequenos Municípios conseguiram crescer, se desenvolver, pelo aumento do consumo que houve em decorrência do Bolsa Família, aumento esse que agora está assegurado numa escala bem maior, com essa bela e importante decisão tomada pela Presidenta Dilma Rousseff.
(Pronunciamento encaminhado pelo orador)
Sr. Presidente, Sras. e Srs. Deputados, todas e todos que assistem a esta sessão ou nela trabalham, um debate tão importante quanto o das reformas política e tributária e que deve ser realizado já no Congresso Nacional é o do financiamento da saúde pública no País. Esse debate passa, sem dúvida, pela regulamentação imediata da Emenda 29, estacionada há 10 anos no Congresso.
A regulamentação vincula e disciplina os percentuais mínimos a serem gastos na saúde pelos Municípios, Estados e União. Hoje, Municípios e Estados devem investir, respectivamente, 15% e 12% de suas receitas. Sem a regulamentação, a União não tem um percentual fixo, um parâmetro determinado para investimentos na área.
 Fui Prefeito por duas vezes e sei o quanto é importante ampliar os recursos para a saúde pública nos Municípios. Em Cruzeiro do Oeste, no Paraná, chegamos a investir 29% do orçamento para dotar a cidades de toda a infraestrutura e de serviços de saúde necessários para atender à população. Sem a determinação do meu Governo, a saúde da minha cidade poderia entrar em colapso.
 Os Municípios, portanto, já cumprem com o investimento mínimo de 15% de suas receitas e fazem saúde de fato, até porque os tribunais de contas são rigorosos e detalhistas com os mesmos.
Isso, no entanto, não acontece com os Estados que não cumprem com os 12% de seus orçamentos. Os Estados alegam que não há nenhum dispositivo legal que os obriguem a isso. Embutem como despesas de saúde, por exemplo, gastos com assistência social, contrariando resolução do Conselho Nacional de Saúde - CNS.
No caso do meu Estado, o Paraná, se o governo cumprir com a Emenda 29, a saúde terá mais 350 milhões de reais a partir de 2012. Na última análise das contas pelo TCE, em 2009, o Paraná alegava ter aplicado 12,54% do seu orçamento em saúde, o que representa quase 1,3 bilhão de reais. O TCE, no entanto, excluiu 262 milhões de reais, diminuindo para 9,94% o percentual aplicado no setor. 
A regulamentação acaba com isso e deixa claro quais ações serão consideradas de saúde - todas elas, inclusive, vinculadas ao Sistema Único de Saúde. O texto vem esclarecer que limpeza urbana, merenda escolar e obras de saneamento não poderão ser custeadas por essa verba fixada em lei.
No terceiro vértice dessa tríade está o Governo Federal. A proposta, que está parada no plenário da Câmara dos Deputados desde 2008, propõe que a União use como critério de cálculo o mesmo valor empenhado no ano anterior, corrigido pela variação nominal do Produto Interno Bruto. O texto, no entanto, não define percentual de receita que a União deve investir na saúde. 
Enquanto os Estados e Municípios devem gastar com a política pública de saúde um determinado percentual fixo da receita de impostos e transferências constitucionais, a União não teve qualquer vinculação de gasto com o comportamento progressivo, ou não, de sua receita"", diz a Profa. Élida Graziane Pinto no artigo Emenda 29 completa 10 anos e SUS ainda tem problemas.
A professora tem razão. O Orçamento da União de 2011 destinou 77,1 bilhões de reais para o Ministério da Saúde. Grande parte desses recursos, 68,6 bilhões de reais, se não forem contingenciados, vai para o Fundo Nacional de Saúde, o gestor financeiro do SUS. Mas o orçamento não estima os percentuais, tampouco os repasses aos Municípios e Estados.
A regulamentação da Emenda 29, defendida pela AMP, a Associação dos Municípios do Paraná, e pela CNM, a Confederação Nacional dos Municípios, pode representar 30 bilhões de reais por ano para a saúde dos Municípios e Estados. Será uma solução mais definitiva e estável do financiamento para a saúde.
O CNS reitera que a aprovação da emenda representou uma importante conquista da sociedade para a construção do SUS, mas a falta da sua regulamentação coloca em risco uma das maiores conquistas da sociedade brasileira, comprometendo a prestação de um serviço de qualidade e acessível a todos."
2011-03-14T15:30;"AGROPECUÁRIA, PRODUÇÃO, GRÃO, PR, DADOS, IBGE, LIDERANÇA, ASSISTÊNCIA TÉCNICA, ATIVIDADE RURAL, 
CHUVA, ENCHENTE, MUNICÍPIOS, PR, INTERDIÇÃO, RODOVIA, INEXISTÊNCIA, ABASTECIMENTO DE ÁGUA, ENERGIA ELÉTRICA, COMBUSTÍVEL.";PEQUENO EXPEDIENTE;"O SR. ZECA DIRCEU (PT-PR. Sem revisão do orador.) - Sr. Presidente, Sras. e Srs. Deputados, todos que nos acompanham pela TV Câmara e Rádio Câmara, boa tarde. 
Venho à tribuna no início desta semana com o objetivo de falar de um fato muito positivo: o Paraná, segundo pesquisa divulgada pelo IBGE na última semana, assumiu a liderança na produção de grãos do nosso País. 
No entanto, antes de tratar disso, em virtude do ocorrido no litoral paranaense, eu não poderia deixar de me solidarizar com as famílias que moram na região. 
Foram atingidas mais de 6 cidades, duas BRs tiveram pistas interditadas e há locais sem água e luz e até mesmo com falta de abastecimento de combustíveis. As chuvas destes últimos dias trouxeram não só grande prejuízo ao povo do litoral, inclusive causando duas mortes, mas também preocupação enorme em relação ao fluxo da produção agrícola até o Porto de Paranaguá, em virtude dos danos nas duas principais estradas do Estado. 
Já iniciei contatos com as duas empresas públicas estaduais, a Companhia de Saneamento do Paraná - SANEPAR e a Companhia Paranaense de Energia - COPEL, assim como com o Departamento Nacional de Infraestrutura de Transportes - DNIT, a fim de solicitar que somem esforços para que o povo do litoral tenham restabelecidas,  o quanto antes, as condições mínimas de funcionamento das suas cidades. 
Mas venho aqui hoje para destacar e principalmente parabenizar os produtores rurais, agricultores e agropecuaristas paranaenses pelo excelente resultado divulgado da safra 2010/2011. O Paraná, com apenas 2,3% do território nacional, tem participado nos últimos anos, em média, com 20% a 25% da produção do País. 
A agropecuária fortalece o Brasil nos últimos anos graças às boas decisões, principalmente na área do crédito, tomadas durante os dois Governos do Presidente Lula e tão bem conduzidas agora pela Presidente Dilma.
A agropecuária cresce pelo vigor dos nossos produtores, mas também pela capacidade que o Brasil teve, nos últimos anos, de se articular perante o mundo. O nosso País aumentou muito as suas exportações, e a agropecuária responde por uma grande parte dessas exportações que deram superávit à balança comercial, sendo responsável por quase metade delas. 
Vivi, nos dois mandatos de Prefeito de Cruzeiro do Oeste, a experiência do quanto é importante a tecnologia, a assistência técnica e o poder das empresas públicas junto aos agricultores no que diz respeito à assistência técnica rural. 
Em Cruzeiro do Oeste, vi o programa municipal Terra Fértil subsidiar os pequenos agricultores familiares e com isso proporcionar a eles a diminuição dos seus custos, o aumento da produção e uma renda cada vez maior. 
Apesar de tantos números positivos que o nosso País, a agropecuária brasileira e o próprio Estado do Paraná têm para comemorar, temos ainda inúmeros desafios pela frente, mas estou muito otimista e tenho a convicção de que, com a condução da Presidenta Dilma Rousseff e das demais entidades do Governo Federal, o Brasil vai avançar ainda mais no sentido de melhorar a capacidade de suas estradas, de suas ferrovias e de portos; e ampliar ainda mais as ações que já destaquei aqui de crédito e de assistência técnica rural com a EMBRAPA. Que esta empresa desempenhe cada vez mais um papel estratégico no nosso País e que possamos ver o Brasil crescer, sabedores de que o crescimento do PIB tem sido sustentado pela agropecuária, que cresce numa média bem acima da média de outros setores. 
Muito obrigado, Sr. Presidente. 
PRONUNCIAMENTO ENCAMINHADO PELO ORADOR

Sr. Presidente, Sras. e Srs. Deputados, todas e todos que assistem a esta sessão ou nela trabalham, nesta semana, o IBGE confirmou que o Paraná retomou a posição de liderança na produção nacional de grãos. São 31 milhões de toneladas na safra 2010/2011. 
Isso é mais do que espetacular, pois é sempre bom lembrar que o Estado, com apenas 2,3% do território nacional, participa com 20% na produção e já chegou a representar 25% na última década.
A performance paranaense exemplifica o ótimo momento da agropecuária brasileira. Nos últimos anos, o setor contribui, e muito, com o desenvolvimento, com a geração de empregos e com o crescimento da economia do País. É a atividade que mais cresceu nos últimos 10 anos. A média do PIB (Produto Interno Bruto) do setor aponta um crescimento anual de 3,67%, enquanto o PIB geral do País mostra avanço de 3,59% - média por ano. Em 2010, o PIB brasileiro totalizou 3,7 trilhões de reais e o PIB da agropecuária, 180,8 bilhões de reais.
Esse desempenho é resultado do empenho e do esforço dos produtores, somados às grandes mudanças da última década no setor. Entre elas, notadamente, o aumento do crédito rural. Foram mais de 270 bilhões de reais entre 2003 e 2010.
O Governo Federal, atento às mudanças, aumentou ainda mais o volume de recursos ao crédito para acompanhar o crescimento da produção. Nesta safra, os produtores rurais têm 100 bilhões de reais em crédito para custeio e investimentos. A agricultura familiar tem 16 bilhões de reais. Na safra passada, o total do crédito agrícola foi de 107,5 bilhões de reais.
Além do crédito, as mudanças vieram com a modernização do parque de máquinas e com a inserção brasileira no mercado internacional.  O País se fortaleceu no comércio de produtos em que antes não tinha tradição, como o de carnes e sucos, entre outros. No setor, as exportações brasileiras chegam hoje em 215 países.
Todas as medidas e ações das empresas e do setor público potencializaram o agronegócio brasileiro, que fechou 2010 com superávit superior a 60 bilhões de dólares. O setor é responsável por quase metade das exportações brasileiras, que totalizaram 72 bilhões de dólares, enquanto as importações foram de 12 bilhões de dólares.
No entanto, há gargalos consideráveis que precisam ser enfrentados para baixar os custos de produção e tornar o produto brasileiro mais competitivo no mercado internacional. É preciso investimentos significativos em logística, em armazenamento, em estradas rurais, em rodovias e em novos modais no transporte de safras, substituindo, por exemplo, o transporte rodoviário por ferrovias, portos e aeroportos.
Na outra ponta se faz necessário, além do crédito e de incentivos, dotar os pequenos e médios produtores de informação, tecnologia e assistência técnica. São ações que vão assegurar à agricultura familiar atributos e qualidades empresariais, evitando que ela degenere numa agricultura de subsistência.
Há bons exemplos nos Municípios brasileiros. Em Cruzeiro do Oeste, no noroeste do Paraná, o Programa Terra Fértil subsidia a produção, reduz custos, aumenta a produtividade, aumenta a renda e o emprego no campo. A doação de mudas, a distribuição de calcário e adubo, a adequação das estradas rurais e a mecanização agrícola trazem resultados significativos e de excelência nas pequenas e médias propriedades.
Com investimentos em vários níveis nas duas pontas da produção - do pequeno ao grande produtor -, o País vai resolver seus gargalos e se tornar, como prevê a Organização das Nações Unidas para Agricultura e Alimentação (FAO), o maior produtor de alimentos do mundo. A produção agrícola brasileira aumentará 40% até 2019 - crescimento superior ao da Rússia, Ucrânia, China e Índia, que devem registrar percentual médio superior a 20% no mesmo período.
É esse o desafio que se apresenta nesta década."
2011-03-14T17:39;DESEMPREGO, JOVEM, EXPANSÃO,  EDUCAÇÃO, ENSINO PROFISSIONALIZANTE, CURSO TÉCNICO, QUALIFICAÇÃO PROFISSIONAL, GOVERNO FEDERAL, INVESTIMENTO, DEFESA.;PELA ORDEM;"O SR. ZECA DIRCEU (PT-PR. Pela ordem. Sem revisão do orador.) - Sr. Presidente, Sras. e Srs. Deputados, senhoras e senhores que assistem a esta sessão pela TV Câmara, venho à tribuna abordar importante pesquisa realizada pelo Instituto de Pesquisa Econômica Aplicada. 
Embora tenha tido pouca repercussão, essa pesquisa do IPEA apresenta dados interessantes, importantes e preocupantes sobre a juventude do nosso País, principalmente no que diz respeito ao emprego.
	De acordo com o levantamento, nada menos que 54% dos desempregados nas áreas urbanas do País estão na faixa etária entre 18 e 29 anos.
	Além do baixo salário, fator que 53,63% dos entrevistados apontam como principal inibidor do ingresso no mercado do trabalho, a falta de qualificação e a exigência de experiência são considerados óbices por 46,56% dos entrevistados.
	Há um ano, o IPEA levantou essas mesmas questões em outro estudo, que revelou crescente desemprego na juventude. Em 2007, havia 4,8 milhões de jovens desempregados, 60,74% do total de desempregados no País. Pode-se dizer que entre 2007 e 2010, o desemprego caiu 6,74% entre os jovens, mas ainda é muito pouco.
	Na pesquisa de 2010 que mediu dados relativos ao período 1987/2007, o IPEA constatou ainda que menos da metade dos jovens de 15 a 17 anos estava cursando o ensino médio, e apenas 13% dos jovens de 18 a 24 anos frequentavam o ensino superior. 
	Emprego, qualificação e ensino de qualidade precisam muito mais do que ações reativas e pontuais nas esferas municipal, estadual e federal. Precisamos, com urgência e de forma qualificada e articulada, ampliar os investimentos no ensino médio, no lazer, na cultura, na inclusão digital e, principalmente, na criação de mais empregos para os jovens. 
	Na campanha para Deputado Federal, por reiterada vezes, disse eu que, para atender às demandas da juventude, é necessária uma revolução educacional e tecnológica, com grandes investimentos em áreas como as de tecnologia de informação, bioquímica e engenharia, entre outras. Ou seja, o País precisa dar um salto de qualidade na sua base tecnológica, porque isso aumenta os salários, fortalece o mercado interno e cria empregos, especialmente para os jovens. 
	Não podemos esquecer que o Brasil avançou muito nos últimos anos. A juventude foi um dos segmentos mais beneficiados pelo conjunto das políticas sociais do Governo Lula. Foram criadas 14 novas universidades e 141 escolas técnicas, além disso, 99 estão em construção. Temos hoje o PROJOVEM, a UAB, o PROUNI, o FIES e o REUNI, o que permitiu a ampliação do acesso ao ensino superior. Temos igualmente, mais cultura e mais esporte com os Pontos de Cultura e as Praças da Juventude, entre outros diversos programas e projetos. Mas precisamos avançar bem mais. 
Em carta aberta à Presidenta Dilma, o coletivo de estudantes reunidos pela UNE apontou para a estruturação do sistema nacional juventude, com fontes de financiamento claras e especificas para as políticas do setor. Também sugeriu a concessão de status ministerial à Secretaria Nacional da Juventude.
	Se, factíveis e críveis, as demandas apresentadas pela UNE puderem contribuir nesse processo ou mostrar caminhos para o encontro de soluções imediatas para o desemprego enfrentado pelos jovens, elas devem ser levadas em consideração. Mas o mais importante é priorizar, de forma imediata, as políticas públicas voltadas para a integração educação e trabalho, tendo como foco a reestruturação do ensino médio, do ensino técnico e da formação profissional dos jovens.
	Temos bons cenários pela frente, cenários que podem impulsionar o enfrentamento dessas questões de forma célere e urgente: a realização da Copa do Mundo e das Olimpíadas, a exploração do petróleo do pré-sal e a reestruturação dos serviços de banda larga. 
	Qualificar os jovens com um ensino de qualidade e um bom emprego é a principal ação contra a espiral de violência, drogas e marginalidade enfrentada por parcela significativa desse segmento que tanto preocupa pais, mães, irmãos e a própria juventude brasileira.
	Por isso, Sr. Presidente, ao citar essa pesquisa, quero enaltecer a iniciativa da Presidenta Dilma Rousseff, que, em seu primeiro discurso em rede nacional de televisão, ao abordar tema importante como a educação, deu especial destaque ao seu objetivo: espalhar pelo Brasil o ensino técnico e profissionalizante gratuito à população. E essa medida, o Programa Nacional de Acesso à Escola Técnica - PRONATEC, com certeza, permitirá mudar esses dados que tanto preocupam os jovens brasileiros.		
	Muito obrigado."
2011-03-16T14:46;EXPOSIÇÃO AGROPECUÁRIA, MUNICÍPIO, AMUARAMA, PR, REALIZAÇÃO.;PEQUENO EXPEDIENTE;"O SR. ZECA DIRCEU (PT-PR. Sem revisão do orador.) - Sra. Presidenta, Sras. Deputadas e Srs. Deputados, importante evento acontece no Estado do Paraná, mais precisamente na região noroeste. Trata-se da Expo Umuarama, grande feira agropecuária de caráter nacional - e já há muitos anos também internacional -, que tem movimentado negócios, não só nos dez dias, como acontece neste ano, mas repercutindo durante o ano, e tem feito da região de Umuarama, no noroeste do Paraná, o grande polo agropecuário, principalmente na pecuária de corte e de leite do nosso Estado. 
	Registro os meus parabéns à comissão organizadora, ao Presidente Juninho, a todos os demais patrocinadores, empresários, agricultores, produtores rurais que se somam a ele neste grande evento, que é a Exposição Agropecuária, Industrial e Comercial de Umuarama, no Estado do Paraná. 
	Muito obrigado."
2011-03-22T16:38;REFORMA POLÍTICA, PARTIDO POLÍTICO, PT, DEFESA, LISTA FECHADA, FINANCIAMENTO, RECURSOS PÚBLICOS, CAMPANHA ELEITORAL, FIDELIDADE PARTIDÁRIA, ELEIÇÃO PROPORCIONAL, EXTINÇÃO, COLIGAÇÃO PARTIDÁRIA.;PELA ORDEM;"O SR. ZECA DIRCEU (PT-PR. Pela ordem. Sem revisão do orador.) - Sr. Presidente, Sras. e Srs. Deputados, a instalação da Comissão Especial da Reforma Política coloca novamente em evidencia a necessidade de se pôr em prática um projeto de reforma política capaz de atender a todos os setores da sociedade. E, aproveitando este momento em que a Comissão Especial está reunida e deve ter havido um bom resultado, venho à tribuna tratar desse tema.
	O ponto central dessa discussão deve ter como base o financiamento público de campanha. Enquanto o dinheiro continuar mandando nas eleições, os casos de corrupção, de desvios, de ilegalidades, continuarão a acontecer.
O Partido dos Trabalhadores reforça a defesa do financiamento público na elaboração do projeto. O tema está incluído e é defendido, no pacote de deliberações sobre a reforma política aprovadas no 3º Congresso Nacional do PT, ainda em 2007.
Ontem, na primeira reunião deliberativa da Comissão Especial da Reforma Política, os líderes do PT na Câmara e do Senado, Deputado Paulo Teixeira e Senador Humberto Costa, defenderam as propostas aprovadas internamente no partido. O PT, além de defender o financiamento público e exclusivo de campanha, apoia o voto em lista preordenada, fidelidade partidária e o fim das coligações proporcionais com a adoção das federações partidárias. 
	Muitas vezes, ouço daqueles que não defendem esse tipo de mudança na lei eleitoral e no modelo político do nosso País que o eleitor estaria sendo impedido de escolher seu candidato, a pessoa preferida da sua região ou até mesmo do seu meio de atuação ou de luta na comunidade. Discordo dessa tese, até porque constam, sim, na lista preordenada os nomes de cada um dos candidatos. É ingenuidade imaginar que o eleitor iria votar sem levar em consideração quem é o primeiro, o segundo, o terceiro, o quarto ou o quinto nome ordenado na lista - e é claro que os partidos terão de aprimorar os seus meios democráticos de escolha dos seus candidatos. 
	Cito exemplo do meu partido, o Partido dos Trabalhadores, que, por meio do voto direto de cada filiado e de cada eleitor, já o faz. Por conta disso, cai a tese de que os caciques definiriam os candidatos. Hoje, o Partido dos Trabalhadores - e talvez até alguns outros partidos - já faz uso desse modelo democrático, em que cada filiado tem direito a voto, podendo escolher, primeiro, seus dirigentes e, nos momentos de convenção e de prévias, seus candidatos. Com isso, pode haver uma lista que represente o programa do partido e sua história, facilitando, e muito, a escolha do eleitor. 
	Reitero o posicionamento do Deputado Henrique Fontana, Relator da Comissão Especial, no sentido de que a campanha tem de ter um custo que, se for acompanhado de forma transparente, será melhor para o País. E o ponto de partida será a redução de custos das campanhas eleitorais.
	Também defenderei nesta Casa Legislativa a aplicação da lista ordenada pelo partido. Neste caso, a população votaria nos candidatos daquela lista, mas com o voto vinculado ao partido, como, na verdade, hoje ocorre de uma maneira equivocada. O voto tem de ser simplificado, tem de ser no partido. Sei, contudo, que é uma tarefa difícil, justamente por englobar interesses de Deputados e Senadores que nem sempre querem mudanças nas regras do jogo.  
	Atualmente, o eleitor vota achando que está ajudando a eleger o seu candidato, mas, muitas vezes, é enganado, porque seu voto não vale para o candidato e, sim, para o mais votado do partido ou da coligação, alguém que pode ter outro perfil, uma ideologia que esse eleitor até condene. 
	O sistema que vigora hoje em dia não passa de uma espécie de estelionato eleitoral e precisa ser revisto urgentemente. As regras eleitorais da atualidade acabam se tornando prejudiciais ao País e à população, além de muitas vezes privilegiarem lideranças mais antigas, que estão ali se perpetuando no poder, até mesmo por meio de práticas que não são aprovadas pela maioria da população. 
	A eleição proporcional acaba favorecendo a eleição de políticos que, em muitos casos, não têm a concordância da maioria da população.
	Então, quero aqui me somar a todos aqueles que já defendem o voto em lista e, é claro, a fidelidade partidária e o fim das coligações proporcionais. Com esse novo modelo implementado, espero ser possível o financiamento público de campanha, para que, de uma vez por todas, tenha fim o vício, que tantos prejuízos tem causado ao nosso País, de a cada eleição o poder financeiro muitas vezes se sobrepor à vontade do eleitor. Esse modelo do poder do sistema financeiro é ultrapassado, sim, e não deve decidir o voto do eleitor e quem vai representar a população brasileira aqui no Congresso.
	Era o que tinha a dizer, Sr. Presidente."
2011-04-14T09:28;FRUTICULTURA, ZONEAMENTO AGROECOLOGICO, EMPRESA BRASILEIRA DE PESQUISA AGROPECUÁRIA, EMBRAPA, REGIÃO, ARENITO DO CAIUÁ, PR, DESENVOLVIMENTO, PRODUÇÃO AGRÍCOLA.;BREVES COMUNICAÇÕES;"O SR. ZECA DIRCEU (PT-PR. Pronuncia o seguinte discurso.) - Sr. Presidente, Sras. e Srs. Deputados, o novo zoneamento agrícola do Paraná, proposto pela EMBRAPA - Empresa Brasileira de Pesquisa Agropecuária, vai potencializar também o cultivo de frutas na grande região do Arenito do Caiuá. A citricultura é uma ótima alternativa para produção agrícola da região do Caiuá, envolvendo Maringá, Colorado, Paranavaí, Cianorte, Umuarama, Altônia, entre outros Municípios.  
Com base no novo zoneamento, será possível identificar as melhores áreas para a produção com baixo risco de perdas. Além disso, a EMBRAPA indicará aos produtores de frutas o melhor período para o cultivo e quais os solos apropriados para a produção. 
A orientação para o mapeamento agrícola da região já consta da Portaria nº 51, que aponta o melhor período para o plantio no Estado - de 1º de julho a 30 de setembro.
O cultivo de frutíferas é desenvolvido em todas as regiões do Estado. São produzidas diversas espécies pelo fato de o Estado situar-se em área de transição climática e demandar vários tipos de solo. Os pomares estão instalados tanto em solos arenosos do noroeste, nos solos basálticos que predominam do norte pioneiro ao sul, centro-sul e sudoeste, e nos solos sedimentares do litoral.
Recentemente participei de reunião com a direção do Banco do Brasil para tratar da ampliação das linhas de crédito e outros incentivos para fortalecer as cadeias produtivas da região do Arenito Caiuá, no noroeste do Estado. Reiterei na ocasião a importância de incluir a região, forte na produção de laranja, no mapeamento agrícola programado pela EMBRAPA. 
Dados da Secretaria Estadual de Agricultura mostram que a fruticultura, no Paraná, ocupa uma área de 67,4 mil hectares, com uma produção média anual de 1,5 milhão de toneladas, num universo de 35 qualidades de frutas. 
A participação da fruticultura na soma do conjunto da produção agropecuária paranaense, no Valor Bruto da Produção - VBP  se situa entre 2% e 3% da renda bruta gerada no campo, de um montante 37,4 bilhões de reais. 
Já a renda bruta gerada no segmento frutícola foi de 869,3 milhões de reais, considerando-se um universo de 36 fruteiras exploradas no Estado. Temos um grande potencial para ser explorado na área da fruticultura paranaense. Por isso, será importante o zoneamento de todas as regiões do Estado com capacidade de produção e cultivo de variedades de frutas, principalmente para exportação.
A capacidade de produção do Brasil, hoje na terceira colocação no ranking da produção mundial de frutas, é responsável por 5,8% do volume colhido, com uma produção de 41 milhões de toneladas, com totais possibilidades de ampliar os resultados.
	Obrigado."
2011-04-19T14:58;DILMA ROUSSEFF, PRESIDENTE DA REPÚBLICA, VISITA, REPÚBLICA POPULAR DA CHINA, COMÉRCIO INTERNACIONAL,   EXPORTAÇÃO, COMMODITIES,  IMPORTAÇÃO, INDÚSTRIA TEXTIL, DADOS,  AVALIAÇÃO.;PEQUENO EXPEDIENTE;"O SR. ZECA DIRCEU (PT-PR. Sem revisão do orador.) - Sr. Presidente, nobres Deputados e Deputadas, em meu discurso faço um balanço e uma avaliação da visita da nossa Presidenta Dilma Rousseff à China na semana passada.
	Na qualidade de Vice-Líder da Frente Parlamentar Mista da Indústria Têxtil e de Confecção no Congresso Nacional, quero destacar a minha preocupação com o aumento crescente de importações desenfreadas da China, que têm afetado, e muito, o setor de vestuário em nosso País, setor que gera 1,7 milhão de empregos e, por isso, precisa ser preservado.
	O saldo positivo da viagem da Presidenta Dilma Rousseff à China, realizada na última semana, evidencia a disposição do Governo brasileiro em ampliar a venda de produtos mais elaborados àquele País e não apenas matérias-primas. A avaliação, feita pela própria Chefe do Governo no programa Café com a Presidenta da última segunda-feira, sobre as recentes negociações, mostra, no entanto, a consciência e maturidade do Governo ao reconhecer que ainda há muito a ser feito para garantir melhores condições de mercado à indústria brasileira. O trabalho já começou a ser realizado, e da melhor forma. 
	A importância do Brasil para a China é cada vez maior. Em termos econômicos, o Brasil é agora um dos maiores parceiros comerciais dos chineses, o nono maior no ranking mundial. O país asiático, por sua vez, é o principal destino das exportações brasileiras. Isso é importante para os dois lados, mas precisa ser balanceado. Atualmente, mais de 80% das vendas externas são de produtos básicos cotados internacionalmente, as commodities. Em contrapartida, mais de 90% dos produtos que vêm da China são bens industrializados, que incorporam mais valor e geram mais empregos.
	Pelos cálculos da Federação das Indústrias do Estado de São Paulo - FIESP, o Brasil registrou, em 2010, um déficit de US$ 24 bilhões de produtos manufaturados no intercâmbio comercial com a China. A preocupação é ainda maior em 2011, período em que, segundo a entidade, esse déficit pode chegar a US$ 40 bilhões. 
	Uma das maiores demandas do setor industrial brasileiro é justamente a diversificação do comércio com a China, para evitar a inundação do mercado no Brasil de manufaturados chineses. 
	Levantamentos divulgados regularmente pelo setor apontam que a indústria brasileira tem sofrido cada vez mais prejuízos com a concorrência de produtos manufaturados, beneficiados pela moeda chinesa desvalorizada e pelo baixo preço da mão de obra. É preciso considerar as argumentações dos empresários brasileiros que acusam, ainda, a China de práticas ilegais de comércio, com venda de produtos falsificados e abaixo do preço de mercado. 
A falta de isonomia na competição também tem provocado um processo de desindustrialização e até mesmo de transferência de operações para a China. De acordo com o estudo da FIESP, o pico da participação da indústria de transformação no Produto Interno Brasileiro foi, em 1986, de 27,2%. Em 2010, o percentual caiu para 15,9%.
	Já são milhares, pelo menos 2 mil, como bem apontou o jornal Valor Econômico, em reportagem publicada em 24 de janeiro, os trabalhadores brasileiros ""exportados"" por empresas do setor calçadista, para produzir lá calçados que antes saíam do Brasil - e de lá serem vendidos a clientes tradicionais. O setor têxtil já ensaia movimento semelhante, e é cada vez maior a parcela de componentes e maquinário chineses na produção industrial brasileira. A situação pode se tornar ainda mais crítica e deve ser encarada como prioridade pelos dois países.
	Também presente na viagem oficial à China, o Presidente da Confederação Nacional da Indústria, Robson Braga de Andrade, elencou para empresários e autoridades chineses as principais medidas defendidas pelo setor industrial brasileiro. São elas: executar estratégias para superar as barreiras tarifárias e não tarifárias chinesas a produtos brasileiros de maior elaboração técnica; melhorar, com pesquisa, inovação e logística, o fornecimento de commodities à China; aprofundar a integração na cadeia de suprimento chinês, como já fazem várias empresas brasileiras com investimentos na China; desenvolver novos setores e produtos, seja na exploração da biodiversidade ou na energia renovável; aumentar a capacidade de atrair maiores investimentos diretos chineses; e reforçar o sistema brasileiro de defesa comercial.
	Ciente de tal cenário, a Presidenta Dilma, nas tratativas com o Governo chinês, mostrou-se atenta à pauta industrial. O ponto de partida para tal análise é o fato de o Brasil não ter reconhecido o status da China como economia de mercado, questão pendente desde 2004 e novamente cobrada pelo Governo chinês.
	O posicionamento da Presidenta Dilma sinaliza que o coro de reivindicações das indústrias brasileiras tem sido ouvido pelo Governo brasileiro. Isso é bom para o nosso País, para os empresários brasileiros e para os cidadãos que terão facilidades e condições de comprar mais. 
Na qualidade de Vice-Líder na Câmara dos Deputados da Frente Parlamentar Mista em Defesa da Indústria Têxtil e de Confecção e representante da região do noroeste do Paraná, reconhecida pela capacidade de produção têxtil, trabalharei com o compromisso de dar continuidade, no Congresso Nacional, às discussões de medidas, já iniciadas entre China e Brasil, que possam garantir mais possibilidades de mercado à indústria brasileira."
2011-05-18T13:30;PROJETO DE LEI, REFORMULAÇÃO, CÓDIGO FLORESTAL BRASILEIRO, ACORDO, VOTAÇÃO, CONGRATULAÇÕES.;PELA ORDEM;"O SR. ZECA DIRCEU (PT-PR. Pela ordem. Sem revisão do orador.) - Sra. Presidenta, nobres Deputados e Deputadas, quero destacar importante reunião realizada hoje pela Comissão de Viação e Transportes junto com outras três Comissões Permanentes desta Casa, em que se debateu o sistema aéreo brasileiro, principalmente no que diz respeito aos interesses e as necessidades dos passageiros que utilizam esse sistema.
	Já era hora de o Congresso Nacional, de Comissões importantes desta Casa colocarem para as empresas aéreas o tamanho dos problemas, das reivindicações, das angústias que chegam dia a dia, semana a semana a cada um de nós, por fragilidades na própria condução dos serviços por parte das empresas aéreas habilitadas no País.
	As empresas estiveram lá presentes, algumas até com seus presidentes, colocaram suas ponderações, assumiram um compromisso. Acredito que, dessa maneira, neste dia, esta Casa contribuiu para melhorar o atendimento do sistema aéreo brasileiro."
2011-06-02T17:33;"MINISTÉRIO DAS COMUNICAÇÕES, DISPONIBILIDADE, INTERNET, INFORMAÇÕES, CONCESSÃO, RÁDIO, TELEVISÃO.
INSTITUTO DE PESQUISA ECONÔMICA APLICADA, IPEA, DADOS, INFRAESTRUTURA, TRANSPORTE PÚBLICO, EXPECTATIVA, COPA DO MUNDO, FUTEBOL, OLIMPÍADAS. 
MOBILIDADE URBANA, PR, PROGRAMA DE ACELERAÇÃO DO CRESCIMENTO, PAC, OBRA PÚBLICA,  METRÔ. 
TREM DE ALTA VELOCIDADE, TAV, LIGAÇÃO, MUNICÍPIO, CAMPINAS, SP, MUNICÍPIO, RIO DE JANEIRO, RJ.";PELA ORDEM;"O SR. ZECA DIRCEU (PT-PR. Pela ordem. Sem revisão do orador.) - Sr. Presidente Amauri Teixeira, nobres Deputados e Deputadas, é uma honra estar aqui.
Sr. Presidente, solicito sejam considerados como lidos dois pronunciamentos. O primeiro trata da decisão do Ministério das Comunicações que disponibiliza, a partir de agora, na Internet, todas as informações de outorgas de rádios e tevês em nosso País.
O outro discurso trata do estudo que o IPEA fez sobre a realidade do transporte urbano e metropolitano em nosso País e que mostra números que são preocupantes, mas que, de uma maneira ou outra, indicam também que o País tem tido avanços.
É perceptível, em cada metrópole brasileira, quanto cresce o número de veículos, automóveis e motocicletas, até mesmo pelo aumento de renda da população. Mas também são perceptíveis os problemas que esse fato acarreta, principalmente para o trânsito das grandes cidades.
Os números falam por si só. A demanda na utilização de ônibus caiu 30%, e temos aí o agravante de que a tarifa aumentou 60% no período. O uso de metrô, com aumento expressivo de 54%, desde 1995, teve, no crescimento da sua estrutura, nos investimentos para ampliação de veículos e equipamentos, apenas 26%. Quanto aos trens urbanos metropolitanos, a demanda cresceu 150%, enquanto os investimentos em infraestrutura cresceram apenas 8%.
Tenho me esforçado para que avanços mais amplos ocorram com relação a esses investimentos. Já estive, por exemplo, este ano, com o Coordenador do PAC, Maurício Muniz, tratando do metrô de Curitiba, capital do Estado do Paraná, que vai sediar a Copa do Mundo de 2014, e que tem, não só no metrô, mas também na ampliação da estrutura do aeroporto, necessidades urgentes que precisam ser equacionadas quanto antes.
O mesmo ocorre na cidade de Foz do Iguaçu, segundo destino internacional do nosso País, cujo aeroporto também precisa de investimentos.
A Comissão de Viação e Transportes desta Casa tem feito esforço muito grande com a realização de importante audiência pública para tratar do Trem de Alta Velocidade - TAV, que ligará Campinas ao Rio de Janeiro. Fizemos ainda um esforço concentrado nos últimos dias para cobrar das companhias aéreas atitudes mais adequadas em relação ao imenso volume de brasileiros que utilizam cada vez mais o transporte aéreo.
Sr. Presidente, agradeço a V.Exa. a oportunidade e o tempo a mim dispensados.
Era o que tinha a dizer.

PRONUNCIAMENTOS ENCAMINHADOS PELO ORADOR
Sr. Presidente, Sras. e Srs. Deputados, subo a esta tribuna para ressaltar a situação da mobilidade urbana no nosso País, mais especificamente no meu Estado do Paraná. 
Hoje, no Brasil, a demanda por transporte público vem caindo consideravelmente. Políticas de estímulo à compra de veículos e motos vêm fazendo com que os brasileiros optem, cada vez mais, por transportes individuais. Porém, há uma faceta preocupante neste cenário. Paralelo à queda da demanda, está cada vez mais caro recorrer ao transporte público no nosso País. Enquanto a demanda por ônibus caiu 30%, as tarifas subiram 60% acima da inflação medida pelo INPC desde 1995. E enquanto a população dispensa os ônibus, o uso de metrô e trem nas principais metrópoles aumentou significativamente. Só que a malha ferroviária tem crescido em progressão inferior. A demanda por metrô aumentou 54,6% e a malha cresceu só 26%, menos da metade em igual período. Já nos sistema de trens de subúrbio no País, o número de passageiros avançou 150%, ao mesmo tempo em que a malha subiu apenas 8%.
O quadro é preocupante, porém reversível. Curitiba, por exemplo, será uma das cidades-sede da Copa de 2014 e está recebendo uma série de investimentos para executar obras de melhoria da mobilidade. Estive reunido, mês passado, com o coordenador do PAC no Ministério do Planejamento, Maurício Muniz. Ele confirmou que a cidade de Curitiba está em condições de receber recursos para obras de mobilidade urbana e que o metrô pode ser incluído na lista dos projetos atendidos pelo programa. 
Estamos fazendo um esforço contínuo na Comissão de Viação e Transporte para agilizar investimentos neste sentido. Estamos reunindo esforços também para que seja implantado no nosso País o Trem de Alta Velocidade. Esse trem marcará a entrada do Brasil no rol dos poucos países com esse sofisticado tipo de transporte. 
No nosso Estado também está o segundo destino turístico internacional do Brasil: Foz do Iguaçu. É importante aprimorar os aeroportos da cidade. Na CVT, tivemos audiência pública para cobrar melhor atendimento às companhias aéreas, e seguiremos empenhados para melhorar, cada vez mais, o quadro do transporte aéreo do Brasil e, principalmente, do nosso Paraná. 
Quanto ao transporte público terrestre, entendo que o Ministério Público, os Tribunais de Contas dos Estados, os Vereadores, os Prefeitos e as concessionárias de ônibus precisam ser cobrados, orientados e apoiados para melhorar o transporte de ônibus nos Municípios.
Sr. Presidente, Sras. e Srs. Deputados, quero ressaltar aqui a iniciativa do Ministério das Comunicações de disponibilizar na Internet todos os dados referentes à outorga de radiodifusão no País. Já está disponível no portal do Ministério das Comunicações o cadastro de rádios e TVs comerciais, educativas e comunitárias, ação classificada como ""abre caixa-preta"". Esta medida dificultará fraudes nos futuros processos licitatórios, uma vez que a população poderá verificar também a composição acionária de cada emissora. 
Infelizmente, é comum no Brasil que especuladores, igrejas e até políticos usem empresas abertas em nomes de laranjas para comprar concessões de rádio e TV em licitações do Governo Federal. Pessoas com renda incompatível com os negócios são configuradas como ""proprietários"" de empresas para encobrir, muitas vezes, políticos que comandam emissoras. Pela legislação, um político pode ser sócio de rádio ou TV, mas não pode exercer o cargo de diretor. No entanto, muitos políticos dirigem emissoras, aproveitando a programação em benefício próprio, para alavancar candidaturas e prejudicar adversários. Há também aqueles que usam laranjas única e exclusivamente para lucrar com o negócio.
Com esta medida, o Governo estará cumprindo o princípio constitucional da transparência e permitindo também que a população interfira e ajude no processo de fiscalização do setor. A iniciativa do Ministério das Comunicações de disponibilizar à população todos os dados referentes à outorga de radiodifusão no País é um compromisso do órgão com as Comissões de Ciência, Tecnologia e Telecomunicações, da Câmara e do Senado. Quero parabenizar o Senador Walter Pinheiro (PT-BA), coordenador do grupo de trabalho no colegiado temático do Senado, que propôs mudanças nas normas para outorga e renovação de concessões."
2011-06-08T11:10;"GLEISI HOFFMANN, SENADOR, INDICAÇÃO, MINISTRO DE ESTADO, CHEFE, CASA CIVIL, PRESIDÊNCIA DA REPÚBLICA, APOIO.
GOVERNO FEDERAL, PROGRAMA BRASIL SEM MISÉRIA,  ERRADICAÇÃO, POBREZA, LANÇAMENTO, ABRANGÊNCIA,  AGRICULTURA FAMILIAR, ELOGIO.";BREVES COMUNICAÇÕES;"O SR. ZECA DIRCEU (PT-PR. Sem revisão do orador.) - Sr. Presidente, Sras. Deputadas, Srs. Deputados, venho à tribuna num dia em que o Paraná está em festa pela decisão acertada da Presidente Dilma de escolher a Senadora Gleisi Hoffmann para ser a nova Ministra-Chefe da Casa Civil. 
	Venho aqui para falar daquilo que realmente interessa ao povo brasileiro: as mudanças por que o Brasil está passando por causa das decisões acertadas tomadas este ano na política do nosso País, e que continuam acontecendo.
	Todos nós sabemos que, nos últimos 8 anos, o Brasil tirou 28 milhões de pessoas da miséria; 36 milhões mudaram de classe social e melhoraram de vida. Mesmo assim existem desafios em curso que precisam ser vencidos e que dependem também do apoio do Congresso Nacional. São 16 milhões de brasileiros vivendo na extrema pobreza e buscando melhores condições de vida.
	Sou do Paraná, Estado considerado agrícola, e lá existem famílias que vivem em extrema miséria. São 306 mil famílias vivendo nessa condição, e dessas 128 mil estão na agricultura.
	Destaco aqui o lançamento do Programa Brasil Sem Miséria, e principalmente as boas ações elencadas para acontecer no que diz respeito ao apoio à agricultura, especificamente a agricultura familiar.
	Não tenho dúvida alguma de que a ampliação das políticas de aquisição de alimentos, os 2.400 reais que cada família vai receber para melhorar a sua capacidade de organização e de produção por meio da aquisição de insumos, com melhoria de suas possibilidades de comercialização, vão sim causar um grande impacto em todo o Brasil, especialmente nos Estados agrícolas, como é o caso do Paraná. 
	Tive a oportunidade recentemente de dialogar com o Ministro do Desenvolvimento Agrário, Afonso Florence, e vi quanto de investimentos já foram direcionados ao Paraná. São mais de 2 milhões de reais só para a regularização fundiária de quase 50 mil famílias paranaenses que ainda não receberam a titulação agrícola. Elas precisam desse título agrícola para poderem acessar os principais programas, como o PRONAF, e as ações habitacionais que, agora, no Paraná, por decisão acertada da Caixa Econômica Federal, contam com uma nova superintendência para cuidar de questões relacionadas à habitação rural.
	Vi também a importante ação do Ministério do Desenvolvimento Agrário na aquisição de retroescavadeiras, motoniveladoras e outros equipamentos agrícolas para 63 Municípios paranaenses.
	Oitenta e nove por cento dos Municípios paranaenses dependem da agricultura para crescer, para gerar renda. Por isso, destaco mais uma vez a decisão acertada da Presidenta Dilma e a certeza de que, com a Ministra-Chefe da Casa Civil, Gleisi Hoffmann, a condução do programa Brasil Sem Miséria não só será exitosa, mas vai levar muito em consideração quanto a agricultura familiar é importante para o Brasil e quanto o agronegócio tem gerado em riquezas. Além disso, o plano de erradicação da pobreza vai, sim, alcançar sucesso com o nosso apoio, com o nosso esforço, principalmente com esse foco na agricultura. 
	Obrigado, Sr. Presidente.

PRONUNCIAMENTO ENCAMINHADO PELO ORADOR
Sr. Presidente, Sras. e Srs. Deputados, venho, por meio deste pronunciamento, exaltar a grandiosa iniciativa do Governo Federal de lançar o plano Brasil Sem Miséria e ressaltar a importância do projeto para o setor agrícola do meu Estado, o Paraná. Tirar os brasileiros da linha da pobreza é um desafio que começou a ser superado no Governo Lula e que a Presidenta Dilma agora está dando continuidade. Nos últimos 8 anos, o Brasil tirou 28 milhões de pessoas da miséria e levou 36 milhões para a classe média. No entanto, 16 milhões de brasileiros ainda vivem na extrema pobreza. É importante frisar que, para erradicarmos de vez a miséria no País, é de suma importância também a colaboração de todos os entes federados: União, Estados e Municípios. A descentralização das responsabilidades é um fator determinante para evoluirmos nessa luta. Quero aproveitar e fazer um apelo aos Prefeitos, principalmente os do meio rural, para que colaborem com o Governo na batalha contra a pobreza. 
Dos 16 milhões de pessoas vivendo abaixo da linha da pobreza, 306 mil estão no Paraná, sendo 128 mil na área rural. Um dos focos do projeto Brasil Sem Miséria é a agricultura, que é o motor da economia de 89% dos Municípios paranaenses. A agricultura familiar, por sua vez, emprega 86% dos trabalhadores do setor agropecuário do Estado. Este segmento, composto por pequenos e médios produtores, tem como maior entrave a falta de infraestrutura. 
Em reunião recente que tive com o Ministro do Desenvolvimento Agrário, Afonso Florence, o Ministro anunciou que, no segundo semestre deste ano, 63 máquinas retroescavadeiras serão entregues nos Municípios de Cascavel, Guarapuava e Londrina. Esse grande investimento do Governo Federal contemplará três regiões diferentes do Paraná com um equipamento imprescindível para o bom desenvolvimento da agricultura. Além disso, convênios em curso no MDA, que totalizam investimentos de quase R$2 milhões, irão regularizar a situação de aproximadamente 50 mil agricultores sem titulação de terra, escritura e registro em cartório. A regularização dessas terras dará aos agricultores todas as condições para acessar uma série de políticas públicas do Governo, principalmente no que diz respeito ao crédito e aos programas de compra e aquisição de alimentos. O plano Brasil sem Miséria veio para complementar essas ações e alavancar o desenvolvimento do setor agrícola no Paraná e em todo o País.
Quero ressaltar aqui as ações regionais do plano de combate à miséria. O Ministro Afonso Florence anunciou, semana passada, que cerca de 33 mil famílias que vivem no campo em situação de extrema pobreza receberão a visita de agentes de desenvolvimento do Programa Brasil Sem Miséria. O programa prevê que cada grupo de mil famílias de agricultores seja orientado e acompanhado por uma equipe de 11 técnicos. Uma linha de fomento de R$2,4 mil por família vai apoiar, ao longo de 2 anos, a produção e a comercialização excedente dos alimentos. O pagamento será efetuado por meio do cartão do Bolsa-Família.                                                                                   
Uma das prioridades do plano é aumentar a produção do agricultor através da orientação e acompanhamento técnico, além de oferta de insumos e de água. A ampliação do Plano de Aquisição de alimentos (PAA) é mais uma medida eficaz do Programa Brasil sem Miséria em favor dos agricultores. Por meio do PAA, o Governo Federal compra a produção para doá-la a entidades assistenciais ou para a formação de estoques. 
Eu, como Vice-Líder do Partido dos Trabalhadores, darei todo apoio para que a Câmara vote e aprove as medidas provisórias e projetos de lei referentes ao Programa Brasil Sem Miséria. Articularei também para que as ações cheguem ao maior número de famílias paranaenses. Meu mandato está à disposição das lideranças políticas dos Municípios para facilitar a interlocução com todas as instâncias do Governo Federal, facilitando, assim, as ações de combate à pobreza e, consequentemente, o desenvolvimento do Paraná e do Brasil."
2011-06-29T17:04;"DILMA ROUSSEFF, PRESIDENTE DA REPÚBLICA, VISITA, PR, LANÇAMENTO, PLANO SAFRA, PLANO BRASIL SEM MISÉRIA, ATUAÇÃO, ELOGIO. 
DEPARTAMENTO NACIONAL DE INFRA ESTRUTURA DE TRANSPORTES, DNIT, ORDEM DE SERVIÇO, PAVIMENTAÇÃO, BR 487.";PELA ORDEM;"O SR. ZECA DIRCEU (PT-PR. Pela ordem. Sem revisão do orador.) - Sr. Presidente, Deputadas e Deputados, quero rapidamente saudar a visita que fará a Presidenta Dilma, a convite de todos nós, paranaenses, ao nosso Estado, na próxima sexta-feira. A Presidenta irá visitar o sudoeste do Paraná, uma das regiões que tem a maior produção leiteira do nosso País, uma região marcada pelo sucesso, pelo êxito da agricultura, especialmente da agricultura familiar. 
	A Presidenta lançará o Plano Safra, dando detalhes do quanto esse Plano contempla reivindicações históricas da agricultura familiar, que já vinha tendo avanços e benefícios nos últimos anos, mas que se aprofundam este ano, um ano marcante, um ano em que a Presidenta Dilma lança o Plano Brasil sem Miséria. E fará também no Paraná toda uma exposição desse assunto, até porque o Plano, de maneira acertada, como uma porta de saída para os programas sociais, olha a agricultura e olha a agricultura familiar como algo estratégico para gerar emprego e renda no País. 
	Sexta-feira o Paraná com certeza estará em festa, não só pela visita da Presidenta Dilma, mas porque também é um mês que marca grandes investimentos do Governo Federal no Estado. O DNIT prepara a ordem de serviço para a pavimentação da BR-487 - a estrada boiadeira. Milhares de casas do Minha Casa Minha Vida estão licitadas e já em condições de ter início, como acontece no Município que me viu nascer, Umuarama, que vai ter, no início de junho, 605 casas sendo construídas. 
	Aqui fica minha saudação à Presidenta, o reconhecimento do trabalho dela e o compromisso de apoio no Congresso e na Câmara dos Deputados. 
	Muito obrigado."
2011-07-07T11:02;"FRENTE PARLAMENTAR MISTA PARA O DESENVOLVIMENTO DA INDÚSTRIA TÊXTIL E DE CONFECÇÕES, AUDIÊNCIA PÚBLICA, MUNICÍPIO, CURITIBA, PR, DEBATE, IMPORTAÇÃO, PAÍS ESTRANGEIRO, CHINA, ÍNDIA, PREJUÍZO, PRODUTO NACIONAL. 
IMPOSTOS, SIMPLES NACIONAL, AMPLIAÇÃO, FAIXA, ENQUADRAMENTO, PRODUTO TÊXTIL.";PELA ORDEM;"O SR. ZECA DIRCEU (PT-PR. Pela ordem. Sem revisão do orador.) - Sr. Presidente, Deputados e Deputadas, quero aqui, rapidamente, destacar a importante audiência pública que se realizou em Curitiba, no Estado do Paraná, da Frente Parlamentar Mista para o Desenvolvimento da Indústria Têxtil e de Confecções.
	Esse segmento gera, aproximadamente, 2 milhões de empregos no nosso País, e avança nos debates com o Governo Federal e com esta Câmara de Deputados no sentido de coibir as importações ilegais, que muitas vezes têm sido feitas, principalmente a partir da China e da Índia, e que tantos empregos têm colocado em risco no nosso País.
	O setor articula e percebe, por parte do Governo Federal, a disposição de desonerar a folha de pagamento. É um setor que gera muito emprego e que precisa de medidas tributárias como essa e como as que estão sendo articuladas por essa Frente Parlamentar. 
	Essa Frente Parlamentar já havia realizado, aqui mesmo em Brasília, a sua primeira audiência pública nacional. Agora, começa a percorrer todos os Estados brasileiros.
	Em Curitiba, para nossa alegria, estavam presentes representantes dos trabalhadores e dos empresários, não só do Paraná, mas também de Santa Catarina, São Paulo e de outros Estados produtores importantes do setor têxtil e de vestuário.
	Estamos também cientes da possibilidade de ampliação da faixa de enquadramento do SIMPLES, medida que esta Casa de leis pode tomar no segundo semestre. Com certeza, isso também beneficiaria muito o setor têxtil e de confecção, já que é um setor basicamente composto por pequenas e microempresas.
	Como Vice-Líder da Frente no Congresso Nacional, quero, diante das pessoas que nos assistem pela TV Câmara, reafirmar o nosso compromisso em defesa desse importante setor que tanto emprega e tanto pode contribuir ainda mais com o Brasil.
	Obrigado, Sr. Presidente."
2011-08-04T11:02;LUIZ INÁCIO LULA DA SILVA, EX PRESIDENTE DA REPÚBLICA, ATUAÇÃO, GOVERNO FEDERAL, ELOGIO, CONCESSÃO HONORÍFICA, UNIVERSIDADE ESTRANGEIRA.;PELA ORDEM;"O SR. ZECA DIRCEU (PT-PR. Pela ordem. Sem revisão do orador.) - Sra. Presidenta, Deputados, quero dar como lido discurso em que destaco que o nosso ex-Presidente Lula receberá o título de Doutor Honoris Causa pela sexta vez. Neste momento, ele está indo até a universidade francesa Sciences Po. Será a décima sexta personalidade, em toda a história da universidade, a receber essa tão importante honraria e também a primeira personalidade latino-americana a receber honraria dessa magnitude.
	Isso destaca tudo aquilo que construímos nesses últimos anos - a Presidenta Dilma está dando continuidade - e que fez o Brasil, não só a figura do ex-Presidente Lula, ser tão respeitado e reconhecido pelo mundo afora.
	Muito obrigado.

PRONUNCIAMENTO ENCAMINHADO PELO ORADOR
	Sra. Presidenta, Sras. e Srs. Deputados, subo a esta tribuna hoje para exaltar esta figura crucial no processo de desenvolvimento do Brasil que é o ex-Presidente Luiz Inácio Lula da Silva. Em setembro, Lula receberá seu sexto título de Doutor Honoris Causa, desta vez pela universidade francesa Sciences Po. Não foi à toa que o ex-Presidente atingiu níveis históricos de popularidade. No Governo Lula, o País assistiu a uma série de avanços sociais e econômicos nunca antes registrados. Em seus dois mandatos, Lula sempre adotou a prática de ouvir a sociedade para a elaboração de políticas públicas. 
	No final de 2010, o PIB crescia acima de 7%, a maior alta registrada desde os anos 1970, e a taxa de desemprego das principais regiões metropolitanas praticamente caiu à metade nos últimos oito anos, sendo que em 2002 essa taxa beirava os 12%. Nos dois mandatos de Lula, o salário mínimo mais do que dobrou, a compra de carros e imóveis disparou, o número de beneficiários dos programas sociais quadruplicou e cerca de 39 milhões de brasileiros foram incorporados à classe média. O País quitou o que devia ao FMI e tornou-se um credor, criando condições para se sobressair no cenário internacional.
	Após o fim de seu mandato, Lula reabriu o Instituto Cidadania, organização não governamental (ONG) criada antes de sua eleição para Presidente da República e que tem como objetivo a busca de soluções para os problemas estruturais da realidade social brasileira. Agora, o Instituto Cidadania é o núcleo que prepara a criação do Instituto Lula, que irá divulgar projetos de combate à pobreza na América do Sul e na África, inspirados nos programas sociais criados durante seu Governo.
	Em reconhecimento à sua atuação nos últimos oito anos, Lula já recebeu cinco títulos de Doutor Honoris Causa, inclusive no exterior, e receberá o sexto no mês que vem pela universidade francesa Sciences Po. Lula será a 16ª personalidade - e a primeira latino-americana - que receberá o título da Sciences Po.
	O título costuma ser atribuído a personalidades que se tenham destacado pelo saber ou pela atuação em prol das artes, das ciências, da filosofia, das letras ou do melhor entendimento entre os povos. Hoje, Lula viaja o Brasil e o mundo levando seu legado e mostrando porque o Brasil deu certo."
2011-08-04T15:54;GOVERNO FEDERAL, PLANO BRASIL MAIOR, POLÍTICA INDUSTRIAL, DESONERAÇÃO TRIBUTÁRIA, FOLHA DE PAGAMENTO, EXPORTAÇÃO, INVESTIMENTO, INCENTIVO, INOVAÇÃO TECNOLÓGICA, PRODUÇÃO, AUMENTO, COMPETIVIDADE, INDÚSTRIA NACIONAL, MERCADO INTERNO, LANÇAMENTO, ELOGIO, BENEFICIAMENTO, INDÚSTRIA TÊXTIL, APOIO.;PEQUENO EXPEDIENTE;"O SR. ZECA DIRCEU (PT-PR. Sem revisão do orador.) - Sr. Presidente, Sras. e Srs. Deputados, todos que nos acompanham pela TV Câmara e pela Rádio Câmara, eu não poderia deixar, numa semana tão importante como esta, de vir a esta tribuna para enaltecer a brilhante iniciativa do Governo Federal e da nossa Presidenta Dilma Rousseff, no momento em que lançou o Plano Brasil Maior. Há muito, o setor produtivo brasileiro esperava medidas dessa natureza. 
	Não é pouca coisa. No momento em que o mundo atravessa turbulências, com crises em alguns países da Europa, até mesmo os Estados Unidos vivendo uma série de dificuldades na sua economia, a Presidenta Dilma, o Governo Federal e o Brasil, de forma ousada, lançam um plano dessa magnitude. Na verdade, o Brasil, com esse plano, acaba protegendo a sua indústria e incentivando o setor produtivo na área do comércio, de serviços, antecipando-se a uma série de problemas que poderiam ocorrer ainda neste ano e em 2012. 
	As medidas não são poucas e estão relacionadas à área tributária, como a desoneração da folha de pagamento e mudanças importantes como a redução do IPI para alguns setores. Há uma série de medidas de financiamento, com ampliação de prazos para os setores que, de fato, produzem, geram emprego e são importantes para o nosso País. Há mudanças relacionadas à pesquisa, à inovação, e uma série de desonerações daquilo que é importante para o Brasil crescer e se desenvolver, que são as nossas exportações. Elas também receberão novas linhas de financiamento. 
	Com o Plano Brasil Maior, o País toma medidas em relação ao que preocupava muito as empresas, principalmente de manufaturados, com vistas à nossa defesa comercial. Haverá a ampliação das ações de promoção comercial, e há agora também um esforço muito bem sinalizado no Plano Brasil Maior de privilegiar a indústria nacional no momento em que for necessário fazer as compras governamentais.
	Como Vice-Líder, neste Congresso, da Frente Parlamentar da Indústria Têxtil e de Confecção, quero trazer um pouco do sentimento que já percebi nesses primeiros dias nesse setor. Há uma satisfação muito grande, principalmente porque se trata de um setor que gera quase 2 milhões de empregos no nosso País. 
A Presidenta Dilma Rousseff acertou quando escolheu, na hora de prestigiar alguns segmentos, os que mais geram emprego no Brasil. O povo brasileiro não tem dúvida nenhuma de que o emprego é o que dignifica a pessoa e o que fez o Brasil distribuir renda, crescer e desenvolver-se nos últimos anos. 
	Quando segmentos como o da indústria têxtil e o de confecção, mas também os segmentos calçadista e moveleiro, o da indústria de software, são olhados de forma diferenciada pelo nosso País, isso nos dá a certeza de que o Plano Brasil Maior terá êxito, sucesso, porque mexe com o conjunto do País. São segmentos econômicos que têm atuação em todos os Estados brasileiros. 
	No Paraná, meu Estado, o segmento da indústria têxtil e de confecção tem importância relevante na geração de emprego e na distribuição de renda. Eu não tenho dúvida nenhuma de que, principalmente com a desoneração da folha de pagamento e com as medidas de defesa comercial anunciadas - esse segmento vem passando por dificuldades, muitas vezes por causa de importações absurdas, ilegais, de produtos vindos dos países asiáticos, que ameaçavam tirar empregos da indústria nacional -, houve um avanço, o sinal muito claro de que essas preocupações estão sendo contempladas. 
	É claro que o plano não é perfeito. É claro que as necessidades, todos os problemas do setor industrial brasileiro e dos trabalhadores não estão equacionados. O Congresso pode, à medida que as medidas provisórias e as decisões cheguem a esta Casa, fazer um grande debate sobre o tema e ajudar o Brasil. 
O Governo planeja, com certeza, até o final do ano, implantar novas medidas. Há um diálogo constante entre o Governo, os trabalhadores e o setor empresarial que vai possibilitar, talvez, avanços ainda maiores dos que já vimos acontecer esta semana no lançamento do Plano Brasil Maior. 
	Portanto, fica o meu compromisso de defender essas medidas no Congresso, fica a minha saudação à Presidenta Dilma Rousseff, a todos os Ministérios envolvidos, que são muitos, pelo grande trabalho, que marcou uma semana bastante positiva no nosso País. 
	Muito obrigado, Sr. Presidente."
2011-08-10T17:08;"PROFESSOR, SERVIDOR PÚBLICO ESTADUAL, MG, SAUDAÇÃO.
GOVERNO FEDERAL, POLÍTICA ECONÔMICO-FINANCEIRA, COMBATE, CRISE ECONÔMICA, ECONOMIA INTERNACIONAL, PROVIDÊNCIA, ELOGIO.";PELA ORDEM;"O SR. ZECA DIRCEU (PT-PR. Pela ordem. Sem revisão do orador.) - Sr. Presidente, nobres Deputados e Deputadas, antes de iniciar o meu discurso, em que me refiro à crise mundial e à postura correta da Presidenta Dilma em relação às medidas adotadas no País, quero saudar os professores e professoras de Minas Gerais, que muito justamente trazem aqui um pouco de suas angústias e corretas necessidades em relação às suas carreiras e às suas profissões. 
	Minas Gerais, terra do meu pai, José Dirceu, do meu saudoso avô Castorino e da minha avó D. Olga.
	No meu pronunciamento quero mostrar o quanto o Brasil tem adotado medidas acertadas em relação à crise econômica mundial; e a minha certeza de que mais uma vez o nosso País será um dos que terá os menores reflexos dessa crise e conseguirá, como já fez, em 2009, sair desse momento de turbulência mundial da melhor maneira possível.
	Registro a maneira equivocada com que alguns veículos de comunicação, alguns setores da grande mídia tentam espalhar o pânico pelo País, o que pode muito bem atrapalhar o momento bom que vive a economia brasileira. Sabemos que algumas das fortalezas da nossa economia são geração de emprego, distribuição de renda, mercado interno, mercado consumidor.
	Temos que levar serenidade e maturidade à população brasileira e não, como tenho visto em alguns jornais, em alguns veículos de comunicação, qualquer tipo de pânico, de medo que possa desestimular o consumo e principalmente investimentos que, sábia e corajosamente, nossos empresários e agricultores têm feito.
	Muito obrigado.

PRONUNCIAMENTO ENCAMINHADO PELO ORADOR
	Sr. Presidente, Sras. e Srs. Deputados, é fato que o Governo brasileiro está confiante de que o País está preparado para enfrentar um possível agravamento da crise econômica financeira que hoje afeta toda a esfera mundial. A robustez do nosso mercado interno e o sistema de câmbio flutuante, capaz de absorver choques externos, são dois fatores que contribuem para este preparo. Segundo o próprio Presidente do nosso Banco Central, as medidas adotadas para a redução da queda do dólar e as reservas brasileiras em moeda estrangeira dão ao País capacidade de prover liquidez em momento de maior estresse da economia global.
	Na contramão das diretrizes do Governo perante a atual crise mundial, parte da mídia tenta criar um clima de temor e pânico no Brasil, querendo passar a ideia de que o País passa por uma turbulência e grande instabilidade econômica. A crise é intensa, mas o Brasil já vem tomando medidas preventivas há muito tempo e está bem preparado.
	Com o Governo Lula, o Brasil cresceu economicamente, controlou a inflação, gerou empregos, distribuiu renda, ampliou o acesso e direito a políticas sociais de qualidade e fez valer a democracia. Todos estes desafios superados fizeram com que o País atingisse uma projeção favorável no mundo. Não foi à toa que, em 2009, o Brasil foi o país menos afetado e o primeiro a sair da crise econômica. Um dos desafios superados no Governo Lula e que foi fundamental para este cenário foi o controle da inflação sem promover uma recessão. Ou seja, sem cortar gastos, gerar desemprego ou reduzir gastos sociais. Hoje, a inflação está controlada e a economia continua a crescer e gerar empregos.
	Como membro da Frente Parlamentar da Indústria Têxtil, com vasta experiência como empresário, tenho consciência da necessidade de impulsionar o crescimento e o fortalecimento da indústria nacional. Para isso, será fundamental que o Plano Brasil Maior contribua para agregar valor à produção das empresas brasileiras e gerar empregos, mas sem deixar de assegurar o respeito aos direitos e conquistas dos trabalhadores no País.
	Confio na competência e coragem dos nossos empresários, trabalhadores, agricultores e na condução da nossa presidenta Dilma. Aqui no Congresso, como Vice-Líder do PT, continuarei trabalhando para articular o maior apoio possível às medidas já anunciadas no Plano Brasil Maior e no Programa Brasil Sem Miséria.
	Obrigado."
2011-09-01T18:03;MANIFESTAÇÃO, PROFESSOR, ENSINO PÚBLICO, CIDADE, CURITIBA, PR, CONTESTAÇÃO, PROPOSTA, GOVERNO ESTADUAL, PR, PERCENTAGEM, REAJUSTE, SALÁRIO, ANIVERSÁRIO, ATUAÇÃO, VIOLÊNCIA, ALVARO DIAS, GOVERNADOR.;PELA ORDEM;"O SR. ZECA DIRCEU (PT-PR. Pela ordem. Sem revisão do orador.) - Sr. Presidente, quero aqui rapidamente saudar a grande manifestação que fizeram os professores do Paraná nesta semana.
O dia 30 de agosto marca os 23 anos de um momento lamentável na história da educação no Paraná. Professores democraticamente se manifestavam, buscavam melhores condições de trabalho, quando foram surpreendidos, dia 30 de agosto de 1988, pela cavalaria do então Governador do Estado, Álvaro Dias. Vinte e três anos depois, os professores novamente se mobilizam em busca de melhores condições e até mesmo em sinal de protesto contra o pequeno reajuste proposto pelo Governo do Estado, no valor de 2,5%. Esse percentual não contempla, de maneira alguma, até mesmo os compromissos feitos pelo Governo que agora está à frente do Paraná, que propunha, durante o processo eleitoral, reajuste na casa dos 24%.
	Então, deixo aqui a minha solidariedade aos professores do Paraná e a todos os professores do nosso País."
2011-10-03T18:15;REFORMA POLÍTICA, FINANCIAMENTO PÚBLICO, CAMPANHA ELEITORAL, LISTA FECHADA, SISTEMA PROPORCIONAL, ELEIÇÕES, DEFESA, LUIZ INÁCIO LULA DA SILVA, EX PRESIDENTE DA REPÚBLICA, VISITA, CÂMARA DOS DEPUTADOS, APOIO.;PELA ORDEM;"O SR. ZECA DIRCEU (PT-PR. Pela ordem. Sem revisão do orador.) - Sr. Presidente, senhores e senhoras que assistem a esta sessão pela TV Câmara, venho à tribuna saudar a visita, no transcorrer desta semana, do ex-Presidente Lula a esta Câmara dos Deputados para debater a reforma política, tão necessária e alardeada neste Parlamento desde o início desta Legislatura, mas que enfrenta dificuldades para avançar e, muitas vezes, até dificuldade de compreensão sobre sua importância e complexidade por parte da população.
Sem dúvida nenhuma, o ex-Presidente Lula tem a capacidade de mobilizar as atenções do País e talvez desmistificar alguns equívocos que se tentam criar em torno das propostas apresentadas pelo Relator Henrique Fontana. Na minha avaliação, a proposta é bastante equilibrada e representa avanços possíveis na legislação eleitoral vigente em nosso País.
O grande mal que tem imperado no Brasil nas últimas eleições é a exagerada influência de quem detém poder financeiro, muitas vezes direcionando a vontade do eleitor. Ora, Não dá mais para o Brasil conviver com o financiamento privado nas eleições. Os interesses existentes por trás do financiamento privado, a motivação dos que detêm grande poder financeiro para investir nas campanhas eleitorais têm-se mostrado, eleição a eleição, uma prática viciosa, uma prática que provoca delitos, que possibilita a corrupção de maneira mais ampla no cotidiano do nosso País.
Não há razão também para campanhas milionárias, como tem ocorrido a cada eleição. A proposta do Relator Henrique Fontana não só estabelece o financiamento público de campanha, como também traz as campanhas para patamares mais equilibrados no tocante ao tamanho dos gastos que são feitos a cada pleito eleitoral. 
Com o financiamento público de campanha - e é esse talvez o debate que ainda falta ser feito com a sociedade brasileira - não dá para manter o sistema de voto nominal hoje vigente, no qual cada candidato é uma campanha, cada candidato é uma eleição. E, aí, se multiplicam milhares de campanhas pelo Brasil afora, num custo muito grande que nunca o financiamento público conseguiria abarcar. 
Por isso, há necessidade da discussão do voto em lista, seja ela pré-ordenada, seja ela pós-ordenada, mas de modo a ficar cada vez mais fortalecido o papel dos partidos, muito acima dos nomes e das individualidades que compõem cada agremiação partidária.
	O ex-Presidente Lula, ao vir a esta Casa, ao se somar àqueles que de fato querem ver a reforma política acontecer, prestará, mais uma vez, um grande serviço ao País, não só porque consegue mobilizar as atenções, mas por causa da sua opinião, da defesa que, tenho certeza, fará do financiamento público, do voto em lista, o que seguramente vai ajudar a esclarecer muitos brasileiros que ainda não compreendem esse sistema político-eleitoral.
Dessa maneira, com uma mobilização maior da população, com um diálogo maior da população com os seus representantes no Parlamento, poderemos ter um ambiente mais favorável para avançar nessa tão importante tarefa para o nosso País.
Muito obrigado."
2011-11-21T14:15;MUNICÍPIOS, PR, VISITA, ZECA DIRCEU, DEPUTADO FEDERAL, AVALIAÇÃO, MELHORIA, CONDIÇÕES DE VIDA, POPULAÇÃO, POLÍTICA SOCIAL, GOVERNO FEDERAL, PROGRAMA MINHA CASA MINHA VIDA, INVESTIMENTO PÚBLICO, SAÚDE.;PEQUENO EXPEDIENTE;"O SR. ZECA DIRCEU (PT-PR. Sem revisão do orador.) - Sr. Presidente, Sras. e Srs. Deputados, todos que nos acompanham pela TV Câmara e pela Rádio Câmara, venho relatar uma série de visitas que fiz no final de semana a diversos Municípios do Estado do Paraná, entre eles Paranavaí, Amaporã, Itapira, Douradina, Umuarama, Foz de Iguaçu.
 Foi gratificante poder constatar in loco como têm sido concretas e proveitosas as ações que tenho desenvolvido neste Parlamento, bem como as iniciativas do Governo da Presidenta Dilma Rousseff, iniciativas que mudam a cara do Brasil e o interior de cada um dos nossos Estados e transformam a realidade das cidades brasileiras. 
Refiro-me, por exemplo, à inauguração de obras do Programa Minha Casa, Minha Vida que vão beneficiar 316 famílias no Município de Paranavaí, além de outras em andamento, como as que visitei no Distrito de Graciosa, e as ações implementadas pelo Ministério da Saúde, que deixam claro que a Presidenta Dilma está cumprindo o prometido durante a grande mobilização de Prefeitos em Brasília no primeiro semestre, quando assumiu o compromisso de fazer investimentos adicionais de 10 bilhões de reais na área da saúde. 
Programas como Saúde não tem Preço, Rede Cegonha, bem como o programa de qualidade do SUS levam aos Municípios recursos que já começam a diminuir as fragilidades, ainda imensas na área da saúde, e que podem, sim, proporcionar novos avanços a partir do momento em que, neste Parlamento, tivermos a coragem de estabelecer novas fontes de financiamento para a área de saúde.
Portanto, quero saudar o Governo da Presidenta Dilma Rousseff pelo apoio que tem dado não só à bancada do PT, mas aos partidos aliados, para que Brasil continue avançando, como pude constatar pessoalmente."
2011-12-06T16:54;"CONFERENCIA NACIONAL DA SAÚDE, CIDADE, BRASÍLIA, DF, ORGANIZAÇÃO, ELOGIO.
DILMA ROUSSEFF, PRESIDENTE DA REPÚBLICA, ALEXANDRE PADILHA, MINISTRO DE ESTADO, MINISTÉRIO DA SAÚDE, INVESTIMENTO, SAÚDE, ELOGIO.";PELA ORDEM;"O SR. ZECA DIRCEU (PT-PR. Pela ordem. Sem revisão do orador.) - Sr. Presidente, quero parabenizar todos os organizadores da Conferência Nacional de Saúde, que aconteceu na semana passada.
	Estive lá e fiquei impressionado com a qualidade dos debates e com o entusiasmo de profissionais de saúde, lideranças políticas de todo o Brasil, que se reuniram para superar desafios tão importantes dessa área ainda muito necessitada no País.
	Quero fazer um reconhecimento público à Presidenta Dilma Rousseff e ao Ministro da Saúde Alexandre Padilha pelos novos investimentos feitos este ano. A Sra. Presidenta cumpre o que combinou durante a Marcha dos Prefeitos, no primeiro semestre: que o Governo Federal investiria 10 bilhões a mais neste ano de 2011, com o Programa Saúde não Tem Preço, Rede Cegonha e os anúncios feitos na semana passada, quando vimos 4 mil Municípios serem contemplados com um programa de qualidade que vai ampliar em 20% os repasses para a manutenção das equipes de Saúde da Família, e, também, com as reformas das unidades básicas, fazer com que o Governo Federal cumpra...
	(O microfone é desligado.)"
2011-12-14T11:34;MINISTÉRIO DA SAÚDE, TRANSPARENCIA ADMINISTRATIVA, PROCESSO, SELEÇÃO, MUNICÍPIOS, RECEBIMENTO, RECURSOS, PROGRAMA DE ACELERAÇÃO DO CRESCIMENTO, PAC, COMPLEMENTAÇÃO, INVESTIMENTO, SANEAMENTO BÁSICO, ELOGIO, BENEFÍCO, SAÚDE, POPULAÇÃO.;BREVES COMUNICAÇÕES;"O SR. ZECA DIRCEU (PT-PR. Sem revisão do orador.) - Sra. Presidenta Rose de Freitas, Sras. e Srs. Deputados, todos os que nos veem pela TV Câmara e também os que nos escutam pela Rádio Câmara, venho aqui destacar e parabenizar o importante, transparente e criterioso processo que fez o Ministério da Saúde, através da FUNASA, e que resultou numa grande seleção de Municípios, num grande anúncio de investimentos através do PAC - Programa de Aceleração do Crescimento da FUNASA.
	Eu tive oportunidade, desde o início deste meu primeiro mandato, em fevereiro, de defender esse tipo de investimento, por isso fico muito satisfeito quando vejo 2,7 bilhões de reais em recursos serem anunciados, beneficiando mais de três Municípios brasileiros, e um investimento muito vultoso dedicado ao meu Estado, o Paraná.
	Fui Prefeito do Município de Cruzeiro do Oeste por duas oportunidades e pude ver o quanto esses investimentos da FUNASA melhoram a vida das pessoas. Basta, rapidamente, refletirmos sobre o que é uma família viver sem as condições básicas de saneamento, sem um chuveiro quente para tomar banho, nem um banheiro para as suas necessidades básicas. São essas as melhorias sanitárias domiciliares que a FUNASA vai permitir que sejam feitas, numa escala maior agora, com o anúncio do PAC FUNASA. Vão fazer também sistemas de abastecimento de água e ajudar aquelas famílias que vivem na área rural e que precisam caminhar, muitas vezes, quilômetros para buscar água de qualidade para o consumo.
	Essa medida trará um impacto, com certeza, consistente na melhora dos indicadores de saúde do nosso País. Até porque, desses 2,7 bilhões de reais, um grande volume de recursos será investido na ampliação das redes de coleta e tratamento de esgoto.
	Tenho certeza de que as autarquias estaduais e municipais - agora que foram selecionadas, eu espero que isso aconteça com a SANEPAR, no Estado do Paraná - tomarão as providências da maneira mais rápida possível, para que os projetos aprovados possam ser licitados, e essas ampliações das redes de coleta e tratamento de esgoto possam ser uma realidade em todo o nosso País, até porque inúmeros estudos de organismos internacionais e nacionais comprovam que a cada 1 real investido em saneamento deixam-se de gastar 5, 6, 7 reais com o tratamento de doenças infectocontagiosas.
	Essa é uma grande vitória do Brasil e mais uma ação importante da Presidenta Dilma. Deixo aqui registrado o meu reconhecimento. Empreenderei todo o apoio necessário para que essas obras sejam bem fiscalizadas e o resultado possa chegar ao povo brasileiro.
	Muito obrigado."
2012-02-07T18:58;MPV 546/2011, MEDIDA PROVISÓRIA, AUXÍLIO FINANCEIRO, UNIÃO FEDERAL, ESTADOS, DF, MUNICÍPIOS, FOMENTO, EXPORTAÇÃO, COMPENSAÇÃO FINANCEIRA, PERDA, RECEITA, ICMS, LEI KANDIR, AUTORIZAÇÃO, BANCO NACIONAL DE DESENVOLVIMENTO ECONÔMICO E  SOCIAL, BNDES, EMPRÉSTIMO, REDUÇÃO, JUROS, PRODUTOR RURAL, MUNICÍPIO, VÍTIMA, DESASTRES NATURAIS, DECLARAÇÃO, CALAMIDADE  PÚBLICA, PARECER FAVORÁVEL, PROJETO DE LEI DE CONVERSÃO.;PARECER;"O SR. ZECA DIRCEU (PT-PR. Para emitir parecer. Sem revisão do orador.) - Sr. Presidente, Sras. e Srs. Deputados, Medida Provisória nº 546, de 2011, de autoria do Poder Executivo.
	""A Exma. Sra. Presidenta da República, com fulcro no art. 62 da Constituição Federal, submeteu à deliberação do Congresso Nacional, por meio da Mensagem nº 423, de 2011, a Medida Provisória nº 546, de 29 de setembro de 2011.
	Os arts. 1º, 2º e 3º da MP tratam do repasse de 1 bilhão, 950 milhões de reais da União aos Estados, ao Distrito Federal e aos Municípios para fomentar as exportações do País. A União entregará diretamente aos Municípios 25% do montante que cabe a cada Estado, tendo como referência os coeficientes municipais do ICMS vigentes neste exercício.
	Os recursos serão entregues aos Estados, ao Distrito Federal e aos Municípios em três parcelas iguais de 650 milhões de reais até o último dia útil de outubro, novembro e dezembro de 2011.
	O art. 4º autoriza a União a reter do montante a ser repassado por conta do que estabelece essa norma os valores das dívidas vencidas e não pagas da unidade federada, na seguinte ordem:
	I - primeiro as contraídas junto à União, depois as contraídas com garantia da União, inclusive dívida externa; somente após, as contraídas junto a entidades da administração federal indireta; e
	II - primeiro as da administração direta, depois as da administração indireta da unidade federada.
	O parágrafo único do citado artigo estabelece ainda ato do Poder Executivo que poderá autorizar:
	I - a quitação de parcelas vincendas, mediante acordo com o respectivo ente federado; e
	II - a suspensão temporária da dedução quanto às dívidas junto a entidades da administração federal indireta, quando não estiverem disponíveis, no prazo devido, as informações necessárias.
	O art. 5º estabelece que a União faça o pagamento dos repasses por meio de crédito, em moeda corrente, à conta bancária do beneficiário.
	Por seu turno, o art. 6º da MP delega ao Ministro da Fazenda a definição das regras de prestação de informações do Estado e do Distrito Federal sobre a efetiva manutenção e aproveitamento de créditos pelos exportadores a que se refere o art. 155, § 2º, inciso X, alínea ""a"" da Constituição. Se o ente federado não enviar as informações sobre tais créditos em tempo oportuno, ele fica sujeito à suspensão do recebimento do auxílio de que trata esta MP.
	O art. 7º da MP altera a redação do caput, dos §§ 1º e 6º do art. 4º da Lei nº 12.409, de 25 de maio de 2011, amplia de 1 bilhão de reais para 1 bilhão e 500 milhões de reais o valor dos financiamentos do BNDES passíveis de serem subsidiados pela União, por intermédio de equalização de taxas de juros. Esses financiamentos são destinados a capital de giro e investimento de sociedades empresariais, empresários individuais e pessoas físicas ou jurídicas caracterizadas como produtores rurais, localizados em Municípios atingidos por desastres naturais e que tiverem a situação de emergência ou estado de calamidade pública reconhecida pelo Poder Executivo Federal, nos termos da Lei nº 12.340, de 1º de dezembro de 2010.
	Foram apresentadas sete emendas, conforme está especificado no relatório.
	(...)
	A Mesa Diretora da Câmara dos Deputados indeferiu liminarmente as Emendas nºs 6 e 7 por versarem sobre matéria estranha, com fundamento no art. 4º, § 4º, da Resolução nº 1/2002-CN, combinado com o art. 125 do Regimento Interno da Câmara dos Deputados, tudo em conformidade com a decisão da Presidência proferida à Questão de Ordem nº 478/2009.
	(...)
	II. 5 - VOTO.
	Diante do exposto, votamos pela:
	i) urgência, relevância e consequente admissibilidade da Medida Provisória nº 546, de 2011; 
	ii) constitucionalidade, juridicidade e adequação à técnica legislativa dessa MP e das emendas apresentadas;
	iii) compatibilidade e adequação orçamentária e financeira da MP nº 546/2011 e das emendas apresentadas; 
	iv) rejeição das Emendas 1, 2, 3, 4, restando ainda indeferidas liminarmente as Emendas 6 e 7 por versarem sobre matéria estranha à MP (...);
	v) no mérito, pela aprovação da MP nº 546, de 2011, e da Emenda nº 5, com alteração da redação na forma de Projeto de Lei de Conversão (em Anexo)"".
É possível perceber que boa parte do que trata essa emenda já foi executada no ano de 2011, no que se refere às três parcelas de 650 milhões, já repassadas a Estados e Municípios, restando ainda um importante acréscimo de recursos, que têm sido objeto de financiamentos do BNDES para auxiliar Estados e Municípios que tiveram seus agricultores e empresários prejudicados por uma série de desastres climáticos ocorridos em 2011.
	É uma matéria que cumpre todos os preceitos legais, tem relevância por já ter atendido à necessidade financeira de Estados e Municípios exportadores e também por esse acréscimo de mais 500 milhões, que se somam a um recurso destinado já de 1 bilhão do BNDES, para atender aos Municípios e Estados que tiveram eventos climáticos.
	Peço aos nobres Deputadas e Deputados a aprovação da referida medida provisória.
	Muito obrigado, Sr. Presidente.
	O SR. PRESIDENTE (Marco Maia) - Pois não.
	Muito obrigado, Deputado Zeca Dirceu.
PARECER ESCRITO ENCAMINHADO À MESA"
2012-02-07T18:58;BRASILEIROS, PRODUTOR RURAL, PAÍS ESTRANGEIRO, PARAGUAI, FRONTEIRA, MTS, PR, AMEAÇA, INVASÃO, PROPRIEDADE, ASSOCIAÇÃO DOS CARPEROS DO PARAGUAI, EXPROPRIAÇÃO, TERRAS, DEMARCAÇÃO, APREENSÃO, EXPECTATIVA, ATUAÇÃO, FERNANDO LUGO, PRESIDENTE  DE REPÚBLICA ESTRANGEIRA, RESPEITO, DIREITO DE PROPRIEDADE, PROPRIEDADE PRIVADA, COMISSÃO EXTERNA, CRIAÇÃO, ACOMPANHAMENTO, PROCESSO, PROPOSTA.;PELA ORDEM;"O SR. ZECA DIRCEU (PT-PR. Pela ordem. Sem revisão do orador.) - Sr. Presidente, Sras. e Srs. Deputados, quero dar como lido pronunciamento em que manifesto uma série de preocupações com o caso dos ""brasiguaios"" na região de fronteira do Mato Grosso do Sul e do Paraná com o vizinho Paraguai.
	Sabemos todos que, desde a década de 70, um grande contingente de brasileiros vive no Paraguai. Não só vivem no país amigo, como são responsáveis, da década de 70 para cá, por grande parte da produção agrícola do Paraguai.
	Hoje vivem no Paraguai 450 mil brasileiros. Só no Estado de Alto Paraná são 250 mil, grande parte deles produtores agrícolas. 
O Paraguai se tornou um dos maiores produtores de soja do mundo em grande parte graças ao esforço dos brasileiros nessa região, que responde por 85% da soja produzida naquele país.
	O Governo paraguaio até que enfim anunciou medidas importantes, e quero parabenizá-lo. O Presidente Fernando Lugo deixou claro que a propriedade privada será respeitada e que nenhum tipo de decisão sobre as demarcações de terra que estão sendo feitas será tomada pelo Governo, que não aceitará nenhuma pressão. As decisões serão tomadas apenas pela Justiça. Muito mais do que isso, o Presidente Lugo restabeleceu um clima de mais tranquilidade e garantiu a segurança dos brasileiros que tanto produzem no país vizinho.
	Estaremos aqui atentos, acompanhando os desdobramentos e as atitudes, que têm sido positivas, tomadas pelo Governo brasileiro, pela Ministra Chefe da Casa Civil, Gleisi Hoffmann, e pelo Ministério das Relações Exteriores.

PRONUNCIAMENTO ENCAMINHADO PELO ORADOR
	Sr. Presidente, Sras. e Srs. Deputados, população que nos assiste pela TV Câmara, eu gostaria de chamar a atenção de todos para a situação dos brasileiros que vivem no Paraguai e que estão sofrendo constantes ameaças de invasão por parte da Associação dos Carperos do Paraguai, uma espécie de Movimento dos Sem Terra local. A situação se agravou quando o Instituto Geográfico Militar efetuou demarcações em cerca de 18 mil hectares pertencentes a brasileiros. Os carperos têm acompanhado in loco as demarcações de terras, o que tem aumentado ainda mais a tensão com os brasileiros.
	A reivindicação dos carperos é bem mais ampla: eles querem a expropriação de 160 mil hectares localizados a menos de 50 quilômetros da fronteira e cujos proprietários são brasileiros, em sua maioria. Brasileiros que vivem de forma legal no Paraguai, geram riqueza como produtores de soja e estão perfeitamente integrados à sociedade local. Muitos já possuem cidadania ou seus cônjuges e filhos são paraguaios.
	É importante discutirmos a questão no âmbito legislativo, pois a situação é preocupante! Vamos insistir para que o Governo do Presidente Fernando Lugo adote medidas que assegurem os direitos dos milhares de brasileiros que vivem há anos na região. Considero ainda importante discutirmos a criação de uma Comissão nesta Casa para acompanhar todo esse processo em parceria com os Ministérios da Justiça e das Relações Exteriores.
	Seria oportuna, neste momento, uma viagem oficial para acompanharmos de perto o que está acontecendo, para ouvirmos o Governo paraguaio, os agricultores, os brasileiros e até mesmo os Prefeitos e Vereadores que também estão atravessando esse momento de muito conflito. Acho justo exigirmos melhores explicações do Governo paraguaio sobre o objetivo desse processo de remarcação e demarcação de terras. O Governo brasileiro já emitiu sinais de preocupação e tem sido bastante cuidadoso na diplomacia. Isso ajuda a criar uma situação pacífica para o conflito."
2012-02-15T18:57;RODOVIA FEDERAL, BR 487, PR, INICIO, OBRA, PAVIMENTAÇÃO.;PELA ORDEM;"O SR. ZECA DIRCEU (PT-PR. Pela ordem. Sem revisão do orador.) - Sr. Presidente, quero apenas destacar o importante investimento que está em curso nos últimos dias no Estado do Paraná e que beneficia também o Estado de Mato Grosso do Sul. Trata-se da pavimentação da BR-487, conhecida como Estrada Boiadeira, uma obra que já teve uma série de idas e vindas, que foi projetada ainda na década de 70 e que foi questionada pelo Tribunal de Contas da União.
Mas, devido aos esforços do Governo do nosso Presidente Lula e, agora, da nossa Presidenta Dilma Rousseff, o Ministro dos Transportes, Paulo Sérgio Passos, e o Ministro das Comunicações, Paulo Bernardo, estiveram no Paraná dias atrás e autorizaram o início das obras, que já estão em grande ritmo de execução, beneficiando a região de Campo Mourão, Umuarama e da divisa do Paraná com Mato Grosso do Sul. Toda a produção agrícola dessa região precisa da BR-487 pavimentada, pois se trata da ligação rodoviária até o Porto de Paranaguá.
	Os nossos cumprimentos e o nosso reconhecimento ao Governo Federal.
Muito obrigado."
2012-03-13T14:32;MINISTÉRIO DA SAÚDE, CRIAÇÃO, INDICADOR SOCIAL, AVALIAÇÃO, SAÚDE PÚBLICA, MUNICÍPIOS.;PEQUENO EXPEDIENTE;"O SR. ZECA DIRCEU (PT-PR. Sem revisão do orador.) - Sr. Presidente, Srs. Deputados e Sras. Deputadas, quero apenas destacar a importância da iniciativa do Ministério da Saúde de criar um índice para avaliação do desempenho de indicadores, de metas e da realidade da saúde nos Municípios brasileiros, assim como já tinha feito o Ministério da Educação há muitos anos.
	Tenho certeza de que essa iniciativa do Ministério da Saúde não só vai permitir à sociedade brasileira, aos órgãos de controle e à imprensa ter uma noção mais clara do que está acontecendo e de quais são os reais indicadores de cada Município, como também vai estimular os bons gestores públicos a ter seus trabalhos reconhecidos e, por que não, até a direcionar investimentos e políticas públicas federais e também estaduais tanto àqueles Municípios onde há maior carência e dificuldades quanto àqueles que se destacam no cumprindo do seu papel.
	Meus parabéns ao Ministro da Saúde e ao Governo da Presidenta Dilma por essa iniciativa."
2012-03-14T19:16;GOVERNO FEDERAL, AUMENTO, DESONERAÇÃO, FOLHA DE PAGAMENTO, AMPLIAÇÃO, SETOR, INDÚSTRIA NACIONAL, BENEFICIÁRIO, EXPECTATIVA.;PELA ORDEM;"O SR. ZECA DIRCEU (PT-PR. Pela ordem. Sem revisão do orador.) - Sr. Presidente, tenho acompanhado, nos últimos dias, as importantes reuniões e os debates de que tem participado o Ministério da Fazenda, Guido Mantega.
	Como Vice-Líder da Frente Parlamentar Mista José Alencar para o Desenvolvimento da Industria Têxtil e da Confecção do Brasil, quero dividir com todos aqui a boa expectativa que tenho. O Governo Federal, da mesma maneira como já fez no ano passado, com o lançamento do Plano Brasil Maior vai, dar um passo adiante, importante e decisivo neste ano, para desonerar a folha de pagamento daqueles setores da indústria que mais geram emprego no nosso País.
Há uma expectativa muito grande não só da confecção, mas do setor moveleiro, de que medidas mais arrojadas e fatores e índices menores sejam estabelecidos, para que aqueles que, de fato, geram bastante emprego no Brasil tenham sua carga tributária reduzida e possam contribuir, ainda mais, não só com o crescimento, mas com a geração de emprego no nosso País.
	Muito obrigado."
2012-03-20T14:40;"ALEXANDRE PADILHA, MINISTRO DE ESTADO, MINISTÉRIO DA SAÚDE, INAUGURAÇÃO, UNIDADE DE SAÚDE, MUNICÍPIOS, PR. 
CURSO SUPERIOR, MEDICINA, CRIAÇÃO, CENTRO UNIVERSITÁRIO DE MARINGÁ, CESUMAR.";PEQUENO EXPEDIENTE;"O SR. ZECA DIRCEU (PT-PR. Sem revisão do orador.) - Sr. Presidente, nobres Deputados e Deputadas, quero apenas destacar a visita que fará o Ministro da Saúde, Alexandre Padilha, ao noroeste do Estado do Paraná para inaugurar investimentos vultosos que se têm realizado não só na cidade de Maringá, mas em vários outros Municípios do Estado. 
É um conjunto muito grande de unidades básicas de saúde, uma Unidade de Pronto Atendimento, a expansão e a ampliação do Programa SAMU. O Ministro poderá não só observar, acompanhar, mas já inaugurar alguns desses investimentos, como também comemorar, com toda a comunidade acadêmica do noroeste do Paraná, com toda a juventude do Estado, o credenciamento do curso de Medicina para o Centro Universitário de Maringá - CESUMAR.
	Dessa maneira o Ministro, com atitudes e resultados, mostra a importância do seu trabalho à frente do Ministério da Saúde.
	Ficam aqui os meus cumprimentos e o meu reconhecimento."
2012-04-03T14:30;MINISTÉRIO DA SAÚDE, AUDITORIA, RESSARCIMENTO, FUNDO NACIONAL DE SAÚDE.;PEQUENO EXPEDIENTE;"O SR. ZECA DIRCEU (PT-PR. Sem revisão do orador.) - Sr. Presidente, Sras. e Srs. Deputados, num período em que tantas denúncias, reivindicações, algumas com fundamento, outras sem nenhum fundamento, perturbam a população do nosso País, considero importante identificar, reconhecer e parabenizar o Ministério da Saúde pelas iniciativas concretas, reais, verdadeiras, que têm feito com que o dinheiro público seja mais bem utilizado.
	O Ministério da Saúde, desde o início de 2011, já realizou mil e uma auditorias, que resultaram em pedidos de ressarcimento de cerca de 211 milhões de reais ao Fundo Nacional de Saúde; tomadas de contas especiais em 308 processos possibilitaram a restituição de 5,2 milhões aos cofres públicos do nosso País; a compra centralizada possibilitou uma economia de 1,7 bilhão nos gastos com medicamentos e insumos. 
São medidas..."
2012-05-08T14:20;PROGAMA DOMINGO ESPETACULAR, TV RECORD, TELEVISÃO, DENÚNCIA, COMPROMETIMENTO, PERIÓDICO, VEJA, ORGANIZAÇÃO CRIMINOSA.;PEQUENO EXPEDIENTE;"O SR. ZECA DIRCEU (PT-PR. Sem revisão do orador.) - Sr. Presidente, Sras. e Srs. Deputados, enfim, neste último final de semana, um grande veículo de comunicação trouxe ao País fatos que já são do conhecimento de todos nós, até porque foram objeto de uma importante investigação da Polícia Federal, fatos esses que o programa Domingo Espetacular da TV Record mostrou e que deixam claros o tamanho do envolvimento da revista Veja com uma organização criminosa que há muito tempo funciona em nosso País.
É importante que um grande veículo de comunicação tenha mostrado isso a todo o povo brasileiro, com provas, com documentos, com gravações que desvendam uma série de armações, uma série de irregularidades e de crimes que vinham sendo cometidos.
Nós todos somos sempre a favor da liberdade de imprensa, mas não se pode confundir liberdade de imprensa com liberdade de se associar para praticar crimes no nosso País, crimes que devem e serão, sim, severamente punidos."
2012-05-15T14:24;PREFEITO, MUNICÍPIOS, MOBILIZAÇÃO, CIDADE, BRASÍLIA, DF, GOVERNO FEDERAL, APOIO, IMPLANTAÇÃO, PROGRAMA BRASIL CARINHOSO, ERRADICAÇÃO, POBREZA, PRIMEIRA INFÂNCIA, ELOGIO.;PEQUENO EXPEDIENTE;"O SR. ZECA DIRCEU (PT-PR. Sem revisão do orador.) - Sra. Presidente, cidadãos que nos acompanham pela Rádio Câmara e pela TV Câmara, esta semana Brasília recebe milhares de Prefeitos em busca de oportunidades para melhorar a vida das pessoas que estão em cada Município deste País. 
	Ontem, a Presidenta Dilma deu uma grande demonstração do quanto este Governo é municipalista e do quanto é republicano. Os Prefeitos que levarem adiante as ações do Plano Brasil sem Miséria, os que implantarem as ações do Brasil Carinhoso, anunciadas ontem, terão 50% a mais de recursos federais para cada criança de 0 a 6 anos, 60% a mais de recursos para a merenda escolar e também a oportunidade de contar com o apoio do Ministério da Saúde para uma série de suplementos alimentares. 
	É uma grande e importante mudança anunciada numa semana de grande mobilização dos Prefeitos, aos quais eu saúdo."
2012-05-22T14:30;LEI DE ACESSO À INFORMAÇÃO, VIGÊNCIA, INÍCIO, APOIO, PL 3750/2012, PROJETO DE LEI, OBRIGATORIEDADE, TRANSMISSÃO AO VIVO, AUDIOVISUAL, INTERNET, LICITAÇÃO, DEFESA.;PEQUENO EXPEDIENTE;"O SR. ZECA DIRCEU (PT-PR. Sem revisão do orador.) - Sr. Presidente, quero parabenizar a nossa Presidenta Dilma Rousseff, que na última quinta-feira rapidamente regulamentou a Lei de Acesso à Informação que aqui havíamos aprovado.
Quero destacar que é importante que essa medida seja reproduzida em todos os Estados da nossa Federação, em todos os Municípios, em todos os órgãos e instâncias do Poder Público.
Também quero fazer um apelo no sentido de obter apoio para o Projeto de Lei nº 3.750/12, que apresentei na Câmara dos Deputados e que prevê a obrigatoriedade de transmissão ao vivo dos processos de licitação em todos os órgãos do nosso País, buscando com isso dar mais transparência à boa lei que já aprovamos em nosso País e que passou, pelo menos no âmbito federal, a vigorar desde a última quinta-feira, em razão dessa boa decisão da Presidenta Dilma."
2012-05-22T15:34;GOVERNO FEDERAL, PROGRAMA, ASSISTÊNCIA SOCIAL, PROGRAMA BRASIL CARINHOSO, COMBATE, MISÉRIA, PRIMEIRA INFÂNCIA, ELOGIO.;PELA ORDEM;"O SR. ZECA DIRCEU (PT-PR. Pela ordem. Sem revisão do orador.) - Sr. Presidente, Sras. e Srs. Deputados, todos os que assistem à TV Câmara e ouvem a Rádio Câmara, venho a esta tribuna para mais uma vez destacar a importância da Ação Brasil Carinhoso, que faz parte do Plano Brasil Sem Miséria e que começa nesta semana a se tornar uma realidade em milhares de Municípios brasileiros.
A Ação tem um foco muito importante: crianças de até 6 anos que ainda vivem em situação de extrema pobreza em nosso País. Estudos apontam que, de todas as faixas etárias do povo brasileiro, são justamente as crianças de até 6 anos que estão predominando entre os que estão em situação de extrema pobreza, de miséria. Por isso, ampliar os valores de repasse para as famílias que têm crianças de até 6 anos no Programa Bolsa Família, levar para as escolas e para as unidades básicas de saúde toda uma ação de suplementação alimentar e também ampliar o programa de construção de creches são medidas que vão rapidamente trazer impacto. Estudos de muitos organismos mostram com clareza que rapidamente, nessa faixa etária, haverá uma redução de mais de 60% do número de crianças vivendo em situação de extrema pobreza.
	Essa é uma vitória do nosso País, em mais uma ação de um Governo que se tem caracterizado, desde a época do Presidente Lula, pelo foco na questão social, sem esquecer que no interior do País tem de gerar emprego e movimentar a economia. Essas obras nos pequenos Municípios brasileiros e a ampliação de renda de famílias carentes do Bolsa Família com certeza são impactantes também para a economia local. 
Manifesto aqui todo o meu reconhecimento e o meu apoio a essas importantes medidas."
2012-05-23T15:34;PL 950/2011, PROJETO DE LEI, CRIAÇÃO, CONTRIBUIÇÃO SOCIAL DAS GRANDES FORTUNAS, BASE DE CÁLCULO, PATRIMÔNIO, APLICAÇÃO, FUNDO NACIONAL DE SAÚDE, FNS, COMISSÃO DE SEGURIDADE SOCIAL, PARTIDO POLÍTICO, DEM, PPS, IMPEDIMENTO, VOTAÇÃO.;PEQUENO EXPEDIENTE;"O SR. ZECA DIRCEU (PT-PR. Sem revisão do orador.) - Sr. Presidente, Sras. e Srs. Deputados, é senso comum o quanto a saúde pública em nosso País precisa de mais investimentos. Fui Prefeito por duas vezes e acompanhei muito de perto não só os desafios e as dificuldades que a população encontra para acessar os principais serviços, mas também o drama que vivem os principais gestores do nosso País.
	Para minha surpresa - e lamento isso aqui -, na última semana, manobras de Deputados do DEM e do PPS impediram que fosse votada, na Comissão de Seguridade Social, a taxação sobre grandes fortunas, uma grande opção para financiar a saúde do nosso País. De forma misteriosa e mal explicada, a proposta é obstruída na hora da sua votação, como, por exemplo, aconteceu na última semana.
	Ficam registrados, portanto, o meu lamento e os votos de que os nossos esforços realmente consigam produzir resultados concretos no que se refere ao financiamento da saúde em nosso País.
	Muito obrigado, Sr. Presidente."
2012-06-12T14:18;GOVERNO FEDERAL, MINISTÉRIO DA SAÚDE, INVESTIMENTO, CONSTRUÇÃO, UNIDADE DE SAÚDE, PRONTO SOCORRO, PR, APOIO.;PEQUENO EXPEDIENTE;"O SR ZECA DIRCEU (PT-PR. Sem revisão do orador.) - Sr. Presidente, Sras. e Srs. Deputados, espectadores da TV Câmara e ouvintes da Rádio Câmara, na semana passada tivemos a confirmação, pelo Governo Federal e especialmente pelo Ministério da Saúde, de importantes investimentos para a construção de novas Unidades de Pronto Atendimento e a ampliação de muitas Unidades Básicas de Saúde.
No Paraná, serão contemplados 5 novos Municípios, que passarão a contar com esta que é uma unidade intermediária para o atendimento básico e o atendimento hospitalar. Serão criadas 5 UPAs nos Municípios de Santo Antônio do Sudoeste, Guarapuava, Cianorte, Umuarama e Realeza.
Duzentos Municípios do Paraná poderão contar com a ampliação de Unidades Básicas de Saúde, num investimento que ultrapassa 40 milhões de reais.
Quero registrar o reconhecimento ao belo trabalho do Ministro Alexandre Padilha e à decisão sábia da Presidenta Dilma Rousseff em investir cada vez mais na saúde pública do nosso País.
Muito obrigado."
2012-06-19T14:18;GOVERNO FEDERAL, DOAÇÃO, RETROESCAVADEIRA, MOTONIVELADORA, MUNICÍPIO, PR, APOIO.;PEQUENO EXPEDIENTE;"O SR. ZECA DIRCEU (PT-PR. Sem revisão do orador.) - Sr. Presidente, Sras. e Srs. Deputados, todos os que nos assistem e nos ouvem pela TV Câmara e pela Rádio Câmara, nesta sexta-feira, tenho orgulho de recepcionar, no Estado do Paraná, o Ministro do Desenvolvimento Agrário, Pepe Vargas, Deputado Federal pelo PT do Rio Grande do Sul. S.Exa. participará de importante evento nas cidades de Laranjeiras do Sul e Nova Laranjeiras. Na oportunidade, o Governo Federal contemplará mais de 60 Municípios paranaenses com a doação de retroescavadeiras.
	São importantes ações para que esses Municípios, que têm sua base na agricultura, possam melhorar as ações no que diz respeito à adequação e à manutenção das estradas rurais.
	A Presidenta Dilma confirmou, e está garantido, que cerca de 300 Municípios do Estado do Paraná serão contemplados com retroescavadeiras. Será feita também a doação de motoniveladoras a um grande conjunto de Municípios que se organizaram em consórcios no Estado do Paraná.
	Essas ações serão replicadas, é claro, em todos os Estados brasileiros e vão atender a uma antiga demanda dos Prefeitos, dos Secretários Municipais de Agricultura e das autoridades públicas municipais que têm como atribuição fazer e adequar as estradas rurais, tão importantes para o desenvolvimento, principalmente, da agricultura familiar.
	Fica registrado o meu reconhecimento ao trabalho da Presidenta Dilma, do Ministro Pepe Vargas e principalmente a gratidão do povo paranaense da agricultura familiar brasileira por esses vultosos investimentos que vão passar da casa de 1 bilhão de reais."
2012-07-03T15:06;"VALEC ENGENHARIA CONSTRUÇÕES E FERROVIAS, LICITAÇÃO, CONSTRUÇÃO, FERROVIA, PR, APOIO.
PROJETO CIDADES DIGITAIS, INCLUSÃO DIGITAL, MELHORIA, GESTÃO, MINISTÉRIO DAS COMUNICAÇÕES, MUNICÍPIO, PR, APOIO.";PEQUENO EXPEDIENTE;"O SR. ZECA DIRCEU (PT-PR. Sem revisão do orador.) - Sr. Presidente, Sras. e Srs. Deputados, todos que nos acompanham pela TV Câmara e pela Rádio Câmara, venho aqui exaltar as decisões tomadas pelo GGGgGoverno Federal nos últimos dias, que contemplam questões importantes para o nosso País, em especial para as regiões oeste e noroeste do Estado do Paraná. 
A Valec publicou edital de licitação para a contratação das empresas que farão os projetos da Ferroeste, transformada em Ferrosul, e da Ferrovia Norte-Sul, ferrovias que cruzam regiões agrícolas importantes do Paraná e de outros Estados produtores do nosso País. Sem dúvida nenhuma, essas obras ferroviárias são um grande anseio das entidades organizadas e do setor produtivo do Brasil.
A partir da licitação, os projetos começam a sair do papel e, não tenho dúvida nenhuma, serão, num futuro muito próximo, grandes obras do Programa de Aceleração do Crescimento. 
	A região oeste do Paraná também foi contemplada com a decisão do Ministério das Comunicações de apostar em projetos-pilotos para algumas cidades brasileiras no que se refere ao conceito de cidade digital. Os Municípios de Toledo, Assis Chateaubriand e São Miguel do Iguaçu estão entre os oito Municípios paranaenses que receberão investimentos em inclusão digital, em tecnologia da informação. 
Em termos de conceito de cidade digital, é pleito de cada uma dessas cidades e, com certeza, melhorará as possibilidades de gestão pública e a qualidade do atendimento à população. É claro que, naqueles locais públicos de grande circulação de pessoas, a população de baixa renda e aqueles que circulam por essas cidades poderão ter acesso à Internet de forma gratuita. 
São medidas que mostram que o Governo Federal está atento às principais demandas do setor produtivo, não só no que diz respeito à infraestrutura de transporte, para diminuir custos e aumentar a nossa capacidade de produção, mas também no que diz respeito à transferência de alta tecnologia, o que, tenho certeza, acontecerá no Programa Cidade Digital.
	Então, quero saudar o Ministro Paulo Bernardo e a Valec por essas importantes iniciativas que beneficiam um conjunto muito grande de regiões do País e do meu Paraná, principalmente as regiões noroeste e oeste do Estado.
	Muito obrigado."
2012-07-03T20:14;VALEC ENGENHARIA CONSTRUÇÕES E FERROVIAS S/A, EMPRESA, PUBLICAÇÃO, EDITAL, LICITAÇÃO, INVESTIMENTO, FERROVIA NORTE-SUL, FERROVIA FERROESTE, FERROVIA DA INTEGRAÇÃO DO SUL S/A, FERROSUL, ELOGIO.;BREVES COMUNICAÇÕES;"O SR. ZECA DIRCEU (PT-PR. Sem revisão do orador.) - Sra. Presidente, Sras. Deputadas e Srs. Deputados, é importante destacar neste momento o pregão, anunciado pela VALEC, que contempla investimentos importantes para as ferrovias brasileiras, principalmente no que diz respeito à Ferrovia Norte-Sul. O investimento para essa ferrovia ocorre no momento em que o Brasil lança seu Plano Safra, que vai possibilitar o escoamento da nossa produção agrícola de maneira mais adequada. 
	A VALEC tinha, há tempos, publicado edital, que teve de ser cancelado. Mas agora foi republicado. Com certeza, vai proporcionar que os projetos sejam contratados. Havendo projetos bem definidos, uma obra tão importante como essa poderá, sim, ser incluída no Programa de Aceleração do Crescimento. 
	Também foi publicada nesse mesmo edital a licitação de projetos que contemplam a expansão da FERROESTE, transformando-a em FERROSUL, ferrovia que hoje liga o oeste do Paraná até o Porto de Paranaguá. Com esta ampliação até Mato Grosso do Sul, até Maracaju, poderia com certeza contemplar o País com toda a infraestrutura e a possibilidade de escoamento da produção agrícola do Porto de Paranaguá. Sou nascido na região noroeste do Paraná, tenho atuação política no oeste do Estado e tenho clareza do quanto esses investimentos são importantes.
	Exalto a iniciativa da VALEC e a possibilidade de essas obras, no futuro bastante breve, estarem incluídas no Programa de Aceleração do Crescimento.
	Muito obrigado."
2012-07-13T10:48;PLANO SAFRA DA AGRICULTURA FAMILIAR, FORTALECIMENTO, AGRICULTURA FAMILIAR, ASSISTÊNCIA TÉCNICA, PRODUTOR RURAL, POLÍTICA AGRÍCOLA, GOVERNO, DILMA ROUSSEF, PRESIDENTE DA REPUBLICA, ELOGIO.;PELA ORDEM;"O SR. ZECA DIRCEU (PT-PR. Sem revisão do orador.) - Sra. Presidente, Sras. Deputadas e Srs. Deputados, todos que nos assistem e nos ouvem pela TV Câmara e Rádio Câmara, antes de mais nada, quero saudar os alunos e os professores que estão aqui hoje, participando, com certeza, de um momento cívico e conhecendo nosso Parlamento.
	O que me traz hoje à tribuna é a necessidade de destacar um momento importante pelo qual passou nosso País nestes últimos dias com o lançamento do novo Plano Safra para os anos de 2012 e 2013.
	É de grande relevância o País ter à sua disposição 115 bilhões de reais de recursos disponíveis para o que é mais importante para nossa economia: a agricultura.
	A redução de juros e a ampliação do crédito, com certeza, estimulam ainda mais nossos valorosos, determinados e guerreiros agricultores a produzir. Juros de 5,5% ao ano para os grandes produtores e de 5% ao ano para os médios produtores. E aqui já parabenizo a Presidenta Dilma, toda a equipe econômica, os Ministérios ligados à agricultura, por tratarem de forma diferenciada o médio produtor e também pelo volume bastante grande de recursos que está disponível para a agricultura familiar, algo em torno de 18 bilhões de reais. Vale destaque também o fato de o PROAGRO, todas as necessidades relacionadas a seguro terem sido dobrados de 150 mil para 300 mil.
	Sou do Paraná, que tem, como vários outros Estados brasileiros, alto desenvolvimento da tecnologia na agricultura, com produções recordes a cada ano. Quando viemos a Brasília, semana a semana, o que buscamos é realmente conseguir criar ambiente e condições para que todo o esforço feito pelos agricultores, pelas cooperativas, pelas associações, pelos movimentos sociais possa ter no Governo algum tipo de ressonância, no sentido de facilitar as coisas. E nada é mais importante do que ampliar o crédito e reduzir os juros.
	Não tenho dúvida nenhuma de que o Brasil vai continuar batendo recordes na agricultura, que vai continuar sendo uma ferramenta importante para o desenvolvimento do nosso País, para nossa balança comercial, com exportações cada vez maiores.
	É muito bom saber também que no mesmo momento em que se lança um plano safra tão audacioso, o Brasil estuda e vai tomando outras medidas, no sentido de dar mais condições à agricultura.
	Quero aqui chamar, solicitar, reivindicar, para que seja dada atenção cada vez maior também à assistência técnica rural, principalmente à agricultura familiar. Temos inúmeros casos comprovados, pelo Brasil afora, de que onde há assistência técnica rural de qualidade, de forma abundante, os nossos agricultores, muitas vezes, aumentam suas produções duas, três ou quatro vezes além do que produziam. O Brasil ainda carece de uma assistência técnica rural mais ampla, e é muito bom saber que o Governo Federal estuda medidas e já implementa algumas parcerias com Estados e Municípios, através do MDA e do Ministro da Agricultura.
	Com o desenvolvimento da tecnologia, da pesquisa e da inovação, com certeza, daremos passos ainda mais ambiciosos do que esses que já foram dados nos últimos anos. É isso o que sinaliza principalmente o grande Plano Safra, lançado nos últimos dias.
	Então, deixo o meu reconhecimento dessas medidas e, é claro, o compromisso de apoio, aqui, no Congresso Nacional, às questões da agricultura, tanto as que surgirem por iniciativa parlamentar como as que chegaram do Governo Federal.
	Fica também reafirmado o nosso compromisso com a Presidenta Dilma no sentido de criar, cada vez mais, condições para que a economia do Brasil cresça e nós possamos gerar emprego. Mesmo no momento em que o mundo passa por uma grande crise, nós temos essas características peculiares que são muito positivas, como é o histórico positivo e fantástico que tem a nossa agricultura e os nossos agricultores, os quais homenageio neste pronunciamento.
Um grande abraço."
2012-09-18T14:16;GOVERNO FEDERAL, REDUÇÃO, TARIFAS, ENERGIA ELÉTRICA, DEMONSTRAÇÃO, PARTIDO POLÍTICO, PT, ATUAÇÃO, MELHORIA, QUALIDADE DE VIDA, POPULAÇÃO.;PEQUENO EXPEDIENTE;"O SR. ZECA DIRCEU (PT-PR. Sem revisão do orador.) - Sras. e Srs. Deputados, telespectadores da TV Câmara, ouvintes da Rádio Câmara, nos últimos dias, no momento em que acontece a disputa eleitoral municipal em todo o nosso País, o Partido dos Trabalhadores, com o apoio dos partidos aliados, através do Governo Federal, deu mais uma demonstração sobre o tipo de política que se faz neste País: a maior redução já vista na história do Brasil em tarifas de energia elétrica! Essa decisão, tomada pela Presidenta Dilma, terá aqui todo o nosso respaldo e todo o nosso apoio. 
	Enquanto nossos adversários esperneiam, fazem uso da mentira, da calúnia e da difamação, nós continuaremos a fazer esse tipo de política, a que muda e melhora a vida das pessoas e traz progresso e desenvolvimento. O reflexo disso é o entusiasmo das cidades brasileiras a votarem naqueles que de fato estão comprometidos com as mudanças no nosso País. 
	Muito obrigado."
2012-10-17T15:48;ELEIÇÃO MUNICIPAL, AVALIAÇÃO DE DESEMPENHO,  PARTIDO POLÍTICO, PT, PR.;PEQUENO EXPEDIENTE;"O SR. ZECA DIRCEU (PT-PR. Sem revisão do orador.) - Sr. Presidente, todos nos que assistem pela TV Câmara e nos ouvem pela Rádio Câmara, quero parabenizar toda a militância do Partido dos Trabalhadores do Paraná pela exuberante vitória que o PT já obteve no Estado. Saímos de 28 Prefeituras eleitas, em 2008, para 40 Prefeituras eleitas atualmente; ampliamos, e muito, o número de Vice-Prefeitos e Vice-Prefeitas e também de Vereadores e Vereadoras. 
	Estamos agora na disputa, com candidatura própria, em Cascavel, Maringá e Ponta Grossa, que são três das maiores cidades do nosso Estado. Disputamos também na Capital, apoiando a candidatura de um partido aliado e do PDT. 
	Dessa maneira, mais uma vez, o Partido dos Trabalhadores cumpre o seu papel, assume tarefas importantes para governar cidades estratégicas do nosso Estado e também fez boas alianças, elegendo Prefeitos de outros partidos aliados, em cidades muito importantes do Estado, como Francisco Beltrão, Toledo, Umuarama, Cianorte, Paranavaí e tantas outras. 
	Quero aqui saudar todos os que se somaram a nós nesta campanha. Eu tive oportunidade de visitar mais de 200 Municípios do Paraná. Percorri mais da metade do Estado e vi a reação das pessoas não só quanto às boas propostas que estavam sendo apresentadas em cada disputa, não só quanto à  trajetória de cada liderança política local, mas também vi toda a ressonância de como lá chegaram positivamente as boas decisões que temos tomado aqui em Brasília, com o apoio que temos dado ao Governo que faz, à Presidente Dilma, e como isso tem chegado lá na ponta, mudando e melhorando a vida das pessoas, diferentemente do que publicam os jornais e do que tenta pregar uma parte da grande imprensa. Ainda há, sim, credibilidade nas lideranças políticas; ainda há, sim, pessoas determinadas a implementar mudanças não só no jeito de fazer política, mas também mudanças naquilo que possa impactar a vida das pessoas.
	Então, que os resultados das eleições sirvam não só para que possamos comemorar as vitórias já alcançadas, mas também para que possamos recarregar as nossas energias, seguir com força e com vitalidade, para o Brasil avançar ainda mais, e para que esta Casa continue sendo uma Casa de boas e corajosas decisões que ajudem a fazer do nosso País um lugar cada vez melhor para se viver.
	Muito obrigado, Presidente."
2012-10-30T14:34;ELEIÇÃO MUNICIPAL, SEGUNDO TURNO, DESEMPENHO, PARTIDO POLÍTICO, PT, AVALIAÇÃO.;PEQUENO EXPEDIENTE;"O SR. ZECA DIRCEU (PT-PR. Sem revisão do orador.) - Sr. Presidente, Sras. e Srs. Deputados, todos que nos assistem pela TV Câmara e nos ouvem pela Rádio Câmara, quero aqui destacar o resultado das eleições neste último domingo, em especial no meu Estado, o Paraná.
	Por mais que o Partido dos Trabalhadores não tenha saído vitorioso nas disputas de Cascavel, Ponta Grossa e Maringá, os percentuais de 44%, 49%, 47% dos votos em cada uma dessas cidades, com certeza, mostram a grandeza do trabalho feito, a capacidade que o partido vai ter de fiscalizar e de acompanhar as promessas feitas durante a campanha pelos vitoriosos e, principalmente, a tarefa que vamos ter de levar cada vez mais, os bons programas, as obras, os investimentos do Governo Federal para essas cidades. A vitória em Curitiba, onde temos a Vice-Prefeita, com certeza, consolida o nosso partido no Estado como uma das grandes forças políticas do Paraná.
	Muito obrigado."
2012-11-27T14:20;PROGRAMA DE ACELERAÇÃO DO CRESCIMENTO, PAC, BALANÇO, ELOGIO.;PEQUENO EXPEDIENTE;"O SR. ZECA DIRCEU (PT-PR. Sem revisão do orador.) - Sr. Presidente, Sras. e Srs. Deputados, quero dar como lido discurso meu que repercute ainda o balanço feito pela Ministra Miriam Belchior sobre o Programa de Aceleração do Crescimento, que muitos ainda tentam caracterizar como algo que não é real, mas que o dia a dia da vida do povo brasileiro, o que acontece em cada um dos nossos Estados, nas mais diversas regiões do País, prova o contrário.
	O PAC é uma realidade, é uma das grandes molas propulsoras do desenvolvimento do País, desta excepcional geração de emprego que o Brasil tem tido, e já tem números que são meritórios de serem comemorados. Se comparado com o ano passado, o resultado é 80% superior quando fazemos um balanço dos investimentos de obras já concluídas e também das novas execuções, das obras que estão em andamento, uma ampliação dos valores que estão ocorrendo em todo o País, também se comparados aos do ano passado. 
Eu não tenho dúvida nenhuma de que o PAC é uma realidade que veio para ficar. Começou muito focado nas obras tão necessárias de infraestrutura e transporte do nosso País e foi sendo ampliado para a área social, que também é fundamental na vida do povo brasileiro. Há ações importantes acontecendo na saúde, na educação, estendendo-se até a agricultura, e é um programa que hoje está praticamente em todas as áreas de Governo, em todas aquelas ações que mudam e melhoram e vida do cidadão brasileiro.
Quero reafirmar a disposição da bancada do PT e dos Deputados Federais dos demais partidos que realmente pensam no progresso do País de estar aqui permanentemente apoiando e defendendo as ações que a Presidenta Dilma encaminha ao Congresso Nacional, buscando aprimorar e acelerar ainda mais esse grande programa que é o PAC. 
	Um abraço.

PRONUNCIAMENTO ENCAMINHADO PELO ORADOR
	Sr. Presidente, Sras. Deputadas e Srs. Deputados, cidadãos de nosso País que acompanham nosso trabalho pela TV Câmara, venho à tribuna para falar sobre um assunto de extrema importância para o Brasil, o Programa de Aceleração do Crescimento - PAC. A segunda etapa do Programa bateu novo recorde em setembro, passando a aplicar R$ 385,9 bilhões, ou 40,4% dos R$ 905 bilhões que serão investidos até 2014 em obras de infraestrutura logística, social e urbana. O valor é 19% superior ao resultado obtido em junho deste ano e 26% maior do que o do mesmo período do ano passado.
	Esta avaliação positiva, feita na última semana pela Ministra do Planejamento, Miriam Belchior, mostra um resultado 82% superior ao mesmo período do ano passado, quando o volume de obras acabadas era de R$ 80,2 bilhões.
	O Ministério do Planejamento informou ainda, meus nobres colegas, que o Governo mantém a proposta de investir R$ 905 bilhões até 2014 e que eventuais atrasos em alguns programas se devem a novos investimentos, que exigem a reformulação dos contratos, e a decisões judiciais que paralisam projetos, problemas que são identificados de imediato, com a colaboração da Advocacia-Geral da União.
	Do Orçamento Geral da União (OGU), foram aplicados R$ 26,6 bilhões nas ações do PAC, representando um crescimento de 28% em relação a igual período de 2011. Chegam a R$ 29,5 bilhões, significando aumento da ordem de 66%, os valores reservados para pagamento das obras em andamento.
	Na área de transportes, foram concluídos 1.120 quilômetros de rodovias, com destaque para a duplicação da BR-101 (RN) e pavimentação da BR-470 (RS). Estão em construção 21 terminais hidroviários, com 70% das obras já realizadas. As obras em andamento ampliaram em 13 milhões de passageiros a capacidade dos aeroportos. 
As obras do PAC aumentaram em 4.244 MW a produção de energia elétrica, com a entrada em operação de 52 usinas. Desse total, 3.525 MW, ou 83%, equivalem a energia limpa e renovável, com destaque para as Usinas Hidrelétricas de Energia (UHE) de Santo Antônio de Passo do São João.
Entraram em operação 19 usinas eólicas (UEE), com capacidade instalada de 475 MW. Foram concluídos 497 empreendimentos de saneamento e drenagem do Programa Cidade Melhor e selecionadas mais 36 obras de drenagem, dentro do plano de gestão de riscos e resposta a desastres naturais, que beneficiarão 60 Municípios. 
Foi aberto o processo de seleção do PAC mobilidade das médias cidades para as localidades com população de 250 mil a 700 mil pessoas.
No eixo comunidade cidadã, o PAC 2 já investiu R$ 1,1 bilhão nos contratos para construir 7.500 Unidades Básicas de Saúde (UBS), beneficiando 2.770 Municípios. Também foram contratadas 270 Unidades de Pronto Atendimento, 3.013 creches e pré-escolas e 2.850 quadras esportivas em escolas.
Já no Programa Minha Casa, Minha Vida houve ampliação de 2 milhões para 2,4 milhões de unidades, com 950 mil moradias já contratadas. Até o momento, foram contratados 1,96 milhão de casas e apartamentos, com 48% deles entregues aos seus moradores, e concluídos 826 empreendimentos de urbanização em assentamentos precários, enquanto chegam a R$ 2,3 bilhões os investimentos em água e luz para todos.
No Paraná, Estado que represento nesta Casa, o PAC 2 está investindo R$ 23,5 bilhões, em 1.785 empreendimentos, que vão desde infraestrutura urbana até obras de construção de creches e unidades básicas de saúde. Sinto-me feliz em dividir com todos os senhores, nobres colegas Parlamentares que aqui estão, e com todos os que acompanham esta sessão essas ótimas notícias. Estamos vivendo em um país de muitas transformações. Sabemos que é dever do Estado criar melhores condições de vida para a população, mas assistir de perto ao trabalho de um governo que atua em todas as áreas e beneficia a todos é um fato a ser comemorado."
2012-12-04T14:32;REFORMA POLÍTICA, DISCUSSÃO, PLENÁRIO, EXPECTATIVA, CAMPANHA ELEITORAL, FINANCIAMENTO PÚBLICO, DEFESA.;PEQUENO EXPEDIENTE;"O SR. ZECA DIRCEU (PT-PR. Sem revisão do orador.) - Sr. Presidente, Deputados e Deputadas, todos que nos assistem pela TV e pela Rádio Câmara, trazem-me esperança as últimas declarações do Deputado Federal Henrique Fontana, que é Relator da reforma política nesta Casa.
	É extremamente necessário que, no mínimo, seja feita uma discussão sobre a reforma política aqui na Câmara dos Deputados ainda neste ano. Que bom se pudéssemos fazer de fato uma votação que deixasse muito claro à população, à sociedade brasileira, quem está do lado das campanhas milionárias com o financiamento privado e quem está do outro lado e quer as campanhas franciscanas, quer e sabe da necessidade do fim do financiamento privado.
	Nosso País não pode mais assistir, a cada eleição, como aconteceu há meses, ao dinheiro se sobressair na hora da decisão do voto. O cidadão tem que votar consciente, sabedor do que cada liderança política, do que cada partido representa nas mudanças históricas que o nosso País tem tido nos últimos anos.
	O Partido dos Trabalhadores tem tido, na Câmara dos Deputados e no Senado Federal, uma posição muito clara: é contra o financiamento privado, não aceita e sabe dos problemas que trazem as campanhas milionárias que têm ocorrido.
	A votação deixaria isso transparecer à população, mas, se não for possível votar a reforma política, que pelo menos ela volte a ser debatida e discutida, não mais apenas na Comissão, mas aqui neste Plenário.
	Esse é o meu desejo e percebo que é o desejo da sociedade. Faremos um grande esforço nessas últimas semanas para que de fato isso aconteça.
	Muito obrigado."
2013-02-27T14:22;EQUIPAMENTO AGRÍCOLA, RETROESCAVADEIRA, ENTREGA, GOVERNO FEDERAL, MUNICÍPIO, FRANCISCO BELTRÃO, PR, MELHORIA, ESTRADA, DESENVOLVIMENTO, AGRICULTURA.;PEQUENO EXPEDIENTE;"O SR. ZECA DIRCEU (PT-PR. Sem revisão do orador.) - Sr. Presidente, Sras. e Srs. Deputados, quero aqui destacar evento que vai acontecer no próximo dia 8 de março no Município de Francisco Beltrão, sudoeste do Paraná. 
	Estarão lá os principais representantes do Governo Federal para a entrega de retroescavadeiras, equipamentos importantes de que o Governo Federal está dispondo para os mais diferentes Municípios do nosso País, na verdade, na sua totalidade, equipamentos esses que vão permitir às Prefeituras Municipais terem maior e eficiente capacidade de adequação nas estradas rurais, que são fundamentais para o desenvolvimento da agricultura.
	Sabemos que na mesma estrada que passa o caminhão com os produtos agrícolas passa a ambulância que socorre quem mora na área rural, passa o ônibus, passa o transporte escolar, para que a criança possa ter acesso à educação.
	Trata-se de medida de grande relevância para melhorar a qualidade de vida e ajudar o Município a se desenvolver."
2013-02-27T17:26;AGRICULTURA, PRODUÇÃO AGRICOLA, IMPORTÂNCIA, ECONOMIA NACIONAL, RODUTOR RURAL, PR, CONGRATULAÇÕES.;DISCURSO ENCAMINHADO;"PRONUNCIAMENTO ENCAMINHADO À MESA PARA PUBLICAÇÃO
O SR. ZECA DIRCEU (PT-PR. Pronunciamento encaminhado pelo orador.) - Sr. Presidente, Sras. e Srs. Deputados, a agricultura brasileira é um orgulho nacional. Responsável por sucessivos superavits na nossa balança de pagamentos, continua a se sobressair como setor em franca ascensão, a despeito das graves dificuldades provocadas pela crise mundial. As safras recordes não só têm gerado preciosas divisas para o País como reduzem a pressão dos preços dos alimentos na inflação, propiciando maior fartura na mesa dos brasileiros.
Os números do campo impressionam. Levantamento feito pela Companhia Nacional de Abastecimento (CONAB) aponta que a safra de grãos de 2012-2013 vai ser a maior da história. Segundo estimativas preliminares, serão mais de 180 bilhões de toneladas, só de grãos e oleaginosas, o que representa um aumento de 8,6% em relação à safra passada, quando a forte estiagem na Região Sul provocou quebra de produtividade nas lavouras de milho e de soja.
Essa pujança deve-se, em primeiro lugar, à competência e à perseverança dos 30 milhões de agricultores brasileiros, que, em silêncio, continuam plantando, agregando novas tecnologias a todas as etapas do cultivo e produzindo a custos cada vez menores. A produtividade na lavoura de grãos, este ano, também será recorde, de 3.508 quilos por hectare.
É graças a isso que o Brasil é líder mundial na produção de vários itens e deve conseguir a impressionante proeza de roubar a liderança no mercado de soja até do gigante agrícola que são os Estados Unidos, ainda este ano. É graças a isso que, no ano passado, mesmo em meio à crise que derrubou os preços agrícolas em média nada menos que 7,1%, as exportações brasileiras do agronegócio atingiram o recorde de 95,8 bilhões de dólares.
A receita aumentou mesmo com a significativa queda nos preços porque os nossos agricultores, em vez de se lamentarem, aumentaram o volume das vendas para compensar as perdas e reduzir os prejuízos. E não tiveram medo de investir: foram injetados na economia rural 200 bilhões de reais no ano passado, metade em financiamentos do Governo, o que é dívida que os agricultores terão que pagar.
Ao saudar o espírito empreendedor dos nossos agricultores, eu não posso deixar de apontar o papel do Governo da Presidente Dilma Rousseff na extraordinária performance da agricultura nacional. Entre as ações adotadas pelo Governo Federal para o incentivo ao setor, destaco a redução dos custos financeiros do crédito destinado ao produtor.
O Plano Agrícola e Pecuário deste ano prevê a injeção de 115 bilhões de reais na economia rural do País, dos quais 94 bilhões de reais com juros controlados, diferenciados e menores que na safra anterior. É importante destacar o aumento do limite de financiamento ao produtor, que passará de 600 mil reais para 800 mil reais para o custeio e de 1 milhão e 300 mil reais para 1 milhão e 600 mil reais para a comercialização da safra. 
Outra ação prevista pelo Plano Agrícola e Pecuário é a regionalização das políticas de apoio ao produtor, com foco nas realidades locais. Essa medida atende uma antiga reivindicação do setor e tem como uma das suas prioridades a adoção de medidas que reduzam os efeitos da estiagem sobre os produtores do Sul e do Nordeste.
Essas duas ações, somadas à ampliação da cobertura do seguro rural e do PROAGRO e ao efetivo e intensivo apoio ao cooperativismo farão com que milhares de pequenos produtores, que nos últimos anos vêm tendo expressivo aumento de renda, sejam definitivamente incorporados à chamada classe média rural. 
Sr. Presidente, nobres colegas, como representante do povo do Paraná nesta Casa, gostaria de expressar meu particular apreço e gratidão aos produtores paranaenses, responsáveis por grande parte da geração da riqueza do Estado.
Os paranaenses são os líderes nacionais em culturas como o milho e o feijão, além de figurarem entre os maiores produtores de trigo, soja e cana-de-açúcar. 
A liderança na produção de milho, que em 2010 alcançou a marca de 13,5 milhões de toneladas, deve-se ao fato de o Estado plantar duas safras por ano, com a produtividade em alguns Municípios atingindo a marca excepcional de 12 mil quilos por hectare no plantio de verão.
O feijão, cuja safra, em 2010, alcançou o recorde de 819,4 mil toneladas, é o esteio da economia de grande número de Municípios. Prudentópolis, na região central, é a capital nacional do feijão preto. Lá o produto é a principal cultura de 75% dos pequenos produtores, o que representa em torno de 5,8 mil famílias.
É fato inconteste que os agricultores brasileiros há anos estão salvando a economia nacional. Não fosse a exuberância do setor, nossos índices econômicos recentes teriam sido ainda mais preocupantes. 
Quero, pois, saudar os homens e mulheres do campo que, com coragem, ousadia e competência, tornaram o Brasil uma das principais potências agrícolas do mundo, destaque entre as economias do planeta e promessa de riqueza cada vez maior."
2013-03-13T17:18;RECURSO REGIMENTAL, INDEFERIMENTO, QUESTÃO DE ORDEM, ZECA DIRCEU, PRESIDENTE,  COMISSÃO DE SEGURANÇA PÚBLICA E COMBATE AO CRIME ORGANIZADO.;PELA ORDEM;"O SR. ZECA DIRCEU (PT-PR. Pela ordem. Sem revisão do orador.) - Sr. Presidente, hoje, durante a reunião da Comissão de Segurança Pública e Combate ao Crime Organizado, foi desrespeitado o Regimento Interno desta Casa. 
	Sr. Presidente, estou apresentando um recurso. Gostaria do seu apoio e da sua concordância, para que se evitasse o equívoco que ali foi cometido. 
	O SR. PRESIDENTE (André Vargas) - Acolhido. A Mesa recebe esse recurso, que vai ser avaliado."
2013-03-13T17:18;PEC 544/2002, PROPOSTA  DE EMENDA CONSTITUCIONAL, CRIAÇÃO, TRIBUNAL REGIONAL FEDERAL,   TRF , SEXTA REGIÃO, SÉTIMA REGIÃO, OITAVA REGIÃO, NONA REGIÃO, SEDE, MUNICÍPIO, CURITIBA , PR,  BELO HORIZONTE , MG,  SALVADOR , BA,  MANAUS , AM, PRIMEIRO TURNO, APROVAÇÃO, DEFESA.;PELA ORDEM;"O SR. ZECA DIRCEU (PT-PR. Pela ordem. Sem revisão do orador.) - Sr. Presidente, quero me somar a todos os que estão parabenizando a condução deste momento. Esta Casa de Leis não pode adiar questões como esta que está em pauta, muito importante para descentralizar a Justiça brasileira, para agilizar as decisões que são necessárias no âmbito do Poder Judiciário.
	Queremos então convocar os Deputados do Partido dos Trabalhadores, da bancada do Paraná e de tantos outros Estados que há muito têm tido prejuízos em razão da maneira centralizada como está funcionando a Justiça, que agora, com a criação, ou pelo menos com a autorização de criação desses novos TRFs, vai ter nesta tarde, com certeza, um grande avanço, uma grande vitória.
	Muito obrigado, Sr. Presidente."
2013-04-09T16:52;JOAQUIM BARBOSA, PRESIDENTE,  SUPREMO TRIBUNAL FEDERAL, STF, DECLARAÇÃO, CRITICA, APROVAÇÃO, PEC 544/2002, PROPOSTA, EMENDA CONSTITUCIONAL, CRIAÇÃO, TRIBUNAL REGIONAL FEDERAL, TRF, SEXTA REGIÃO, SÉTIMA REGIÃO, OITAVA REGIÃO, NONA REGIÃO, SEDE, CURITIBA, PR, BELO HORIZONTE, MG, SALVADOR, BA, MANAUS, AM, REPUDIO.;PELA ORDEM;"O SR. ZECA DIRCEU (PT-PR. Pela ordem. Sem revisão do orador.) - Sr. Presidente, quero aqui registrar como lamentável a atitude do Presidente do Supremo Tribunal Federal, Joaquim Barbosa, na data de ontem, quando, de forma desrespeitosa, agrediu todos nós, agrediu as principais entidades do País.
	Quero solidarizar-me, de forma especial, com as entidades do Paraná, que, há décadas, lutam para implantar novos Tribunais Regionais Federais em nosso País, a fim de tornar a Justiça mais rápida, mais eficiente e mais acessível para cada cidadão e cidadã brasileira.
	O Ministro, pelo seu desequilíbrio, pelo seu destempero, agredindo, há muito tempo, advogados e jornalistas, não está credenciado para falar sobre quem representa a Nação. Não tem credencial para isso, até porque está ocupando o cargo de Ministro do STF apenas pela decisão e por um voto, se é assim que podemos chamar aquilo que o levou a presidir o STF.
	Nós, aqui, somos os verdadeiros representantes da população brasileira, porque disputamos eleições, tivemos votos e fomos eleitos.
	Muito obrigado.


	O SR. PRESIDENTE (André Vargas) - Com a palavra o Deputado Ademir Camilo.
	Antes, porém, passamos a presidência dos trabalhos ao Presidente Henrique Eduardo Alves, para dar início à Ordem do Dia.
	Quero também que seja dado como lido e registrado nos Anais desta Casa aquele discurso que fiz em apoio ao pronunciamento da Ordem dos Advogados do Brasil e também das associações de advogados."
2013-05-13T18:16;GOVERNO FEDERAL, DISTRIBUIÇÃO, RETROESCAVADEIRA, MOTONIVELADORA, MUNICÍPIOS, PR.;BREVES COMUNICAÇÕES;"O SR. ZECA DIRCEU (PT-PR. Sem revisão do orador.) - Sr. Presidente, o noroeste do Paraná, e principalmente seus agricultores viveram um dia histórico, nesse último sábado.
	Com a presença da Ministra Gleisi Hoffmann e do Ministro Pepe Vargas e com o investimento de 30 milhões de reais, o Governo Federal entregou aos agricultores e aos Municípios do noroeste do Paraná 100 retroescavadeiras e 50 motoniveladoras, que, com certeza, vão permitir não apenas um trabalho mais amplo, mais rápido e mais eficiente de adequação das estradas rurais, mas principalmente todo um respaldo e todo um subsídio às ações de que necessitam os agricultores do noroeste do Estado do Paraná.
	É muito bom saber que essa ação se estende ao Brasil todo, fazendo parte do Programa de Aceleração do Crescimento - PAC, uma decisão acertada da Presidenta Dilma Rousseff, num investimento que passa da casa dos 7 bilhões de reais, com certeza levando dignidade e respeito ao agricultor e ajudando o escoamento da produção."
2013-05-22T12:46;GOVERNO BRASILEIRO, CONTRATAÇÃO, MÉDICO, EXTERIOR, APOIO.;PELA ORDEM;"O SR. ZECA DIRCEU (PT-PR. Sem revisão do orador.) - Sr. Presidente, quero apenas dar como lido um pronunciamento meu de apoio à iniciativa do Governo Federal, do Ministério da Saúde, de viabilizar a vinda de médicos estrangeiros, principalmente de Portugal, Espanha e Cuba, para trabalhar aqui no Brasil. Destaco que esses médicos estão vindo ao País para trabalhar nas regiões do interior do Brasil, nas periferias das grandes cidades, onde médicos brasileiros têm-se recusado e se recusam a trabalhar. 
	A população brasileira não pode esperar mais por atendimento, principalmente no que diz respeito à atenção básica. É claro que é uma prioridade e continuará sendo a criação de novos cursos de Medicina, a ampliação de vagas nas universidades, para que nós tenhamos um número maior de médicos brasileiros, como aconteceu recentemente no Paraná, no Município de Maringá, que passou a ter mais um curso de Medicina.
	Deixo registrado o meu apoio a essa medida e a sua total necessidade.
	Obrigado, Sr. Presidente.

PRONUNCIAMENTO ENCAMINHADO PELO ORADOR
	Sr. Presidente, Sras. e Srs. Deputadas e Deputados, cidadãos que nos assistem pela TV Câmara, um assunto que tem tomado os espaços de discussões na mídia e na sociedade é a possibilidade de contratação de médicos estrangeiros para atuar na atenção básica no interior do País. O anúncio foi feito pela Presidenta Dilma acerca de 1 mês, mas a vinda de médicos de outros países é objeto de estudo entre os Ministérios da Saúde e  o da educação há mais tempo. 
	A população brasileira conta com 1,8 médico para cada mil brasileiros, índice abaixo de países desenvolvidos como Reino Unido (2,7), Portugal (4) e Espanha (4) e de outros latino-americanos como Argentina (3,2) e México (2). A escassez desses profissionais aumenta em desníveis regionais e tornam o quadro ainda mais dramático:  22 Estados têm média inferior à nacional, como Maranhão (0,58), Amapá (0,76) e Pará (0,77). Mesmo em São Paulo, apenas cinco regiões estão acima do índice nacional, deixando o Estado com 2,49 médicos por mil habitantes. Desse modo, não surpreende que quase 60% da população, segundo o Instituto de Pesquisa Econômica Aplicada - IPEA, aponte a falta de médicos como o maior problema do SUS. A população, assim como os gestores, sabe que não se faz saúde sem médico. De 2003 a 2011, surgiram 147 mil vagas de primeiro emprego formal para médicos, mas só 93 mil se formaram. Além desse déficit, os investimentos do Ministério da Saúde em novos hospitais, UPAs (Unidades de Pronto Atendimento) e unidades básicas demandarão a contratação de mais 26 mil médicos até 2014. Nas áreas mais carentes, seja nas comunidades do interior do País, seja nas periferias de grandes cidades, a dificuldade de disponibilizar médicos para a população é crônica. 
	Conheço de perto essa dificuldade, pois já fui Prefeito de Cruzeiro do Oeste, no Paraná, por dois mandatos. Salários muito acima da média e planos de carreira regionais não atraem os profissionais e, quando atraem, não os fixam no interior. Prefeitos de todo o País vêm pressionando o Governo Federal para que ele tome medidas para levar mais médicos para perto da população. 
	Para enfrentar essa realidade, os Ministérios da Saúde e da Educação estão analisando modelos exitosos adotados em outros países com dificuldades semelhantes.
	O Governo Federal já vem realizando ações como o Programa de Valorização da Atenção Básica (PROVAB), que oferece bolsa de R$8.000 mensais e bônus de 10% nas provas de residência a quem atua em áreas carentes, e a expansão das vagas em cursos de Medicina e de residência para formar especialistas. Porém, como destacou o Ministro da Saúde Alexandre Padilha, em artigo publicado nesta semana, oito anos de formação é tempo demais para quem sofre à espera de atendimento. Padilha disse ainda que a experiência internacional tem apontado para duas estratégias complementares entre si: uma em que o médico se submete a exame de validação do diploma e obtém o direito de exercer a Medicina em qualquer região; e outra específica para as zonas mais carentes, em que se concede autorização especial para atuação restrita àquela área, na atenção básica, por um período fixo. Adotadas em países desenvolvidos, essas ações representaram decisivo ganho da capacidade de atendimento. Na Inglaterra, por exemplo, quase 40% dos médicos em atuação se graduaram em outros países  - índice que é de 25% nos Estados Unidos, de 22% no Canadá e de 17% na Austrália -, enquanto no Brasil apenas 1% dos profissionais se formaram no exterior. 
	O debate tem sido conduzido com responsabilidade. Ainda não há uma proposta definida, mas alguns pontos já foram descartados: não haverá validação automática de diploma; não admitiremos profissionais vindos de países com menos médicos que o Brasil; e só atrairemos profissionais formados em instituições de ensino autorizadas e reconhecidas em seus países de origem. Com isso, atrair profissionais qualificados será mais uma das medidas para levar mais médicos para onde os brasileiros mais precisam.
	Sr. Presidente, Sras. e Srs. Deputadas e Deputados, sou apoiador convicto dessa excelente iniciativa do Mistério da Saúde em trazer médicos estrangeiros para trabalhar no Brasil. As dificuldades encontradas pelos gestores com a falta desses profissionais e o sofrimento da população falam mais alto do que opiniões contrárias e do que a polêmica que o tema gerou. Não é momento para reações corporativistas e preconceituosas. É hora de aumentar o número de médicos e universalizar cada vez mais o acesso à saúde. O povo agradece.
	Era o que tinha a dizer."
2013-06-18T15:08;"MANIFESTAÇÃO COLETIVA, JOVEM, PROTESTO, ÂMBITO NACIONAL, CONSCIENTIZAÇÃO, CLASSE POLÍTICA, REAVALIAÇÃO, ATUAÇÃO, DEFESA, PROPOSIÇÃO, DESTINAÇÃO, RECURSOS, ROYALTIES, PETRÓLEO, EDUCAÇÃO, AUMENTO, PERCENTUAL, PRODUTO INTERNO BRUTO, PIB, EDUCAÇÃO.
MOVIMENTO POPULAR, VIOLÊNCIA ARBITRÁRIA, POLÍCIA MILITAR, CRÍTICA. 
ZECA DIRCEU, DEPUTADO FEDERAL, ATIVIDADE POLÍTICA.
GOVERNO FEDERAL, PARTIDO POLÍTICO, PT, AVALIAÇÃO, DESENVOLVIMENTO SÓCIO ECONÔMICO, ATUAÇÃO, ELOGIO.";BREVES COMUNICAÇÕES;"O SR. ZECA DIRCEU (PT-PR. Sem revisão do orador.) - Sr. Presidente, Sras. Deputadas, Srs. Deputados, senhoras e senhores que nos assistem pela TV Câmara e nos ouvem pela Rádio Câmara, quero dar como lido discurso que trata das importantes manifestações que têm ocorrido no País nos últimos dias.
É hora de ouvir e dialogar mais com a juventude no País e com todos os demais segmentos.
	Quero aqui não só trazer o meu apoio a essas manifestações, que são legítimas, que são a grande realidade do ambiente democrático, mas também condenar a postura violenta com que as Polícias Militares de alguns Estados acabaram agindo e a tentativa, mais uma vez, dos grandes veículos de comunicação de tentar distorcer a realidade. Quem para e observa com atenção essas manifestações, como eu tenho feito e muitos outros, percebe que 90% a 95% das pessoas que estão ali são pessoas de bem, são jovens sonhadores, pessoas que têm clareza e percebem que o Brasil mudou para melhor nos últimos anos. Nós não estamos vendo nenhum tipo de protesto que acuse o Brasil de ter regredido ao longo dos últimos anos. Estamos vendo, sim, protestos, manifestações de pessoas de bem que querem mais, que sabem do potencial, da capacidade do Brasil de avançar e que colocam para a Câmara dos Deputados, para cada um de nós, para o Congresso, desafios.
	Venho aqui hoje fazer este pronunciamento confiante em que nós, representantes da população, saberemos dar respostas à altura dessas grandes manifestações. Oportunidades não nos faltam.
	Está aqui para ser discutido e votado o projeto de lei que destina 100% dos royalties de petróleo do pré-sal para a educação.
	Está aí a oportunidade de destinação de 10% do PIB para a educação. Por que não 10% do PIB também para a saúde, área tão frágil, tão citada nessas manifestações? De fato, nós devemos muito ao País.
	Está aqui, para cada um nós, a oportunidade corajosa de responder ao desafio lançado pelo próprio Governo Federal, pelo Ministro da Saúde, Alexandre Padilha, de permitir que mais médicos atuem no País, inclusive médicos estrangeiros.
	Estão aqui, para cada um de nós, a luta e a bandeira importante da defesa da criação de novos cursos de Medicina, ou seja, temos aqui uma infinidade de temas que esta Casa pode e deve, sim, debater. Esta Casa pode, sim, dialogar de maneira mais contundente com o Governo Federal, com os Governos Estaduais e com os Governos Municipais.
	Que essas manifestações sirvam para mostrar que o Brasil está vivo, que tem uma juventude guerreira e que nós devemos fazer aqui a nossa parte.
Muito obrigado.

PRONUNCIAMENTO ENCAMINHADO PELO ORADOR
	Sr. Presidente, Sras. e Srs. Deputados, cidadãos que nos assistem e ouvem pela TV Câmara e Rádio Câmara, o momento ímpar que nossa sociedade está vivendo, com manifestações por todo o País, precisa ser analisado principalmente por nós, Parlamentares. É hora de dialogar mais com a juventude.
	Tenho observado com atenção as manifestações que se espalharam pelo Brasil nos últimos dias. Apesar de alguns incidentes, exageros e distorções corriqueiras da nossa velha imprensa, são manifestações bem-vindas e pacíficas.
	Aprendi a fazer política ouvindo as pessoas. Fui líder estudantil, fui presidente de conselhos municipais e associações. Nos meus dois mandatos de Prefeito, saí em busca da crítica. Lembro-me de que dedicava de duas a três noites por semana para ir até os bairros debater com as pessoas. Bons tempos de orçamento participativo, experiência que o PT implantou em seus primeiros governos ainda na década de 80.
	Como Deputado Federal, nesses meus dois primeiros anos não foi diferente: meus fins de semana e, muitas vezes, feriados, têm sido de debates, plenárias, visitas aos Municípios, alguns onde nem fui votado em 2010, mas que faço questão de visitar para entender quais são as principais dificuldades enfrentadas.
	Já foram mais de 700 atividades, em mais de 250 Municípios. A algumas cidades já fui dezenas de vezes. Em alguns dias fiz mais de dez atividades em cidades diferentes. Trata-se de experiência prazerosa, que enseja grande aprendizado.
	Considero que as manifestações dos últimos dias são uma evolução. Esse é o exercício legítimo da democracia, além de um exercício de reflexão. O Brasil melhorou muito nos últimos 10 anos. Mais de 20 milhões de pessoas deixaram a pobreza; 40 milhões subiram de classe social e têm mais renda; foram gerados 19 milhões de empregos com carteira assinada; 500 mil chegaram à universidade.
	Foram construídas milhares de novas escolas e creches e os índices que medem a saúde melhoram constantemente. Diminuímos, por exemplo, a mortalidade infantil e materna, e está provado, pela reeleição de Lula e eleição de Dilma, como também por todas as pesquisas, inclusive a mais recente, que há, em função dessas conquistas, um alto índice de satisfação popular - só 9% consideram o Governo da Presidenta Dilma ruim ou péssimo. Embora existam avanços, há manifestações e protestos, sinal claro de que muito ainda precisa ser feito.
	Quem observa com atenção os protestos, percebe com facilidade que, na grande maioria, os manifestantes são jovens. Uma juventude que reivindica o quê? Emprego? Talvez sim, mas vivemos num período em que o índice de desemprego é o menor de toda a história do País. Percebo que nossos jovens querem mais que isso: querem qualidade na educação; querem cidades melhores, transporte público, segurança; querem acesso à cultura, esporte e lazer; querem um custo de vida menor e não apenas uma tarifa de transporte menor; querem ser jovens; querem, enfim, viver bem. E tudo isso é muito justo! 
	Terão o meu apoio. Não vou me deixar levar pela imagem distorcida que faz a grande imprensa conversadora, tentando transformar jovens que lutam por um país melhor em baderneiros. Não podemos generalizar. Não é porque um grupo ou outro exagera, se excede, que a maioria é baderneira.
	Temos que condenar a postura violenta de uma parte dos policiais militares de alguns Estados e parabenizar os que conseguiram administrar pequenos incidentes, garantindo, inclusive, o direito da maioria de se manifestar.
Qualquer movimento, para ter sucesso, precisa ter foco, saber o que quer. Essa movimentação está apenas no começo. As manifestações vão crescer. Que bom será se as bandeiras e as lutas forem por algo objetivo e possível. Cito a destinação de 100% dos royalties de petróleo do pré-sal e 10% do PIB à educação e outros 10% à saúde, ou até mesmo o fim das campanhas políticas milionárias financiadas pela iniciativa privada.
	Viva o Brasil! Viva a democracia! Viva nossa juventude!"
2014-06-03T19:10;ZECA DIRCEU, PRESIDENTE, FRENTE PARLAMENTAR EM DEFESA DA INDÚSTRIA BRASILEIRA DE BEBIDAS, CONVOCAÇÃO, DEPUTADO FEDERAL, VOTAÇÃO, PLP 221/2012, PROJETO DE LEI COMPLEMENTAR, ALTERAÇÃO, ESTATUTO DA MICRO E PEQUENA EMPRESA, PESSOA JURÍDICA, ABATIMENTO, PARCELA, SIMPLES NACIONAL, EMENDA, INCLUSÃO, INDÚSTRIA, REFRIGERANTE.;PELA ORDEM;"O SR. ZECA DIRCEU (PT-PR. Pela ordem. Sem revisão do orador.) - Sr. Presidente, quero, no mesmo momento em que parabenizo todos os partidos e o Governo por orientarem ""sim"" a esta importante emenda, convocar todos os nossos integrantes da Frente Parlamentar em Defesa da Indústria Brasileira de Bebidas para virem ao plenário votar a favor da emenda, até porque, em votações anteriores, nas semanas passadas, nós poderíamos ter emplacado uma emenda até maior, que beneficiava as pequenas cervejarias, que beneficiava as pequenas indústrias de vinho, e não tivemos sucesso, apesar de ter maioria, por não atingir a maioria constitucional. Então, aí está a importância de um quórum alto.
	Faço, mais uma vez, o chamado a todos os integrantes da Frente Parlamentar em Defesa da Indústria Brasileira de Bebidas para que estejam aqui e votem a favor, para que nós possamos minorar um pouco a grande desigualdade tributária que há das grandes multinacionais de bebidas em relação às nossas empresas brasileiras.
	O SR. PRESIDENTE (Guilherme Campos) - Eu quero parabenizar o Deputado Zeca Dirceu pela condução dessa Frente Parlamentar."
2014-10-28T18:14;"DIA DO SERVIDOR PÚBLICO, SERVIDOR PÚBLICO, CRUZEIRO DO OESTE, PARANÁ, CONGRATULAÇÕES. 
DILMA ROUSSEFF, REELEIÇÃO, PRESIDENTE DA REPÚBLICA, AGRADECIMENTO, POPULAÇÃO, PARANÁ. 
REFORMA POLÍTICA, REALIZAÇÃO, DEFESA. 
REVISTA, VEJA, MANIPULAÇÃO, INFORMAÇÃO, ELEIÇÃO, CRÍTICA. 
GOVERNO FEDERAL, DISTRIBUIÇÃO, VERBA PÚBLICA, DISTRIUIÇÃO, MÍDIA, DESBUROCRATIZAÇÃO, AMPLIAÇÃO, CANAL DE RÁDIO, CANAL DE TELEVISÃO.";PELA ORDEM;"O SR. ZECA DIRCEU (PT-PR. Pela ordem. Sem revisão do orador.) - Sr. Presidente, Srs. Deputados, Sras. Deputadas, registro minha saudação a todos e uma saudação especial a todos os servidores públicos do nosso País, em particular os servidores públicos da minha querida Cruzeiro do Oeste, de onde tive a oportunidade de ser Prefeito por duas vezes, servidores públicos esses a quem devo grande parte da minha trajetória política, do meu sucesso, e até mesmo o fato de estar aqui em Brasília, ao longo destes 4 anos, representando o Paraná.
	Quero trazer aqui meu agradecimento aos 2 milhões e 400 mil paranaenses que, no último domingo, confiaram o voto à Presidenta Dilma Rousseff. O Paraná, como tantos outros Estados brasileiros onde a Presidenta não saiu vencedora, reconhece, através dos seus eleitores, de percentuais consideráveis da população, os êxitos desses últimos anos e as mudanças positivas que o nosso País viveu.
	Que este meu gesto de agradecimento aos paranaenses sirva para colocar de lado qualquer tipo de ideia separatista, qualquer tipo de preconceito. Infelizmente isso tem sido muito usual nestes dias após a disputa eleitoral.
	Quero deixar aqui também uma reflexão sobre os últimos 90 dias, 100 dias de disputa eleitoral. Todas as dificuldades, todos os equívocos, todas as mazelas que ficaram muito expostas nesses dois turnos da eleição devem servir para que cada um de nós faça uma reflexão e para que nós tenhamos atitudes de mais êxito no que diz respeito à reforma política e à necessidade da democratização dos meios de comunicação.
	Essa era uma pauta muito falada há 4 anos, mas nós acabamos não conseguindo avançar dentro do necessário, ao longo desses anos. Eu vou me dedicar muito a isso aqui em Brasília. Espero que a Câmara dos Deputados, o Congresso Nacional, o próprio Governo Federal, as lideranças deste País consigam ter êxito, para que o sistema eleitoral seja bem diferente desse que nós tivemos que vivenciar nessa última eleição.
	É muito ruim perceber que o dinheiro continua falando mais alto que a consciência das pessoas e que as eleições são marcadas pelo abuso do poder financeiro. É muito ruim também perceber que os meios de comunicação manipulam as informações, distorcem a realidade e tentam dar golpes, como foi o caso da revista Veja, nesse último final de semana.
	Nós não queremos nenhum tipo de censura, vamos lutar sempre pela liberdade de imprensa, mas democratizar os meios de comunicação é algo urgente, extremamente necessário. Depende, talvez, de atitudes nossas aqui, mas o próprio Governo Federal pode dar uma enorme contribuição, mudando a maneira como faz a distribuição das suas verbas publicitárias e permitindo que o Ministério das Comunicações funcione de uma maneira menos burocrática, mais ágil e mais eficiente. Hoje, criar uma rádio comunitária no nosso País é mais difícil do que habilitar o leito de uma UTI neonatal.
	Isso não é nada razoável. Nós temos que ter novos veículos de comunicação, não só rádios comunitárias, mas também rádios comerciais, novas geradoras de televisão. Por isso, o Ministério das Comunicações tem que desempenhar um papel bem melhor do que o que desempenha agora.
	Obrigado pela oportunidade."
2014-11-04T14:42;OBRA RODOVIÁRIA, CONSTRUÇÃO, AMPLIAÇÃO, RODOVIA FEDERAL, PARANÁ, MINISTÉRIO DOS TRANSPORTES, DEPARTAMENTO NACIONAL DE INFRAESTRUTURA DE TRANSPORTES (DNIT), ELOGIO.;PEQUENO EXPEDIENTE;"O SR. ZECA DIRCEU (PT-PR. Sem revisão do orador.) - Sr. Presidente, quero trazer aqui minha palavra de reconhecimento aos esforços e ao êxito do Ministério dos Transportes e do DNIT em todo o nosso País no que diz respeito à ampliação e à construção de novas rodovias.
	Trago aqui exemplos do meu Estado, o Paraná, onde o DNIT há poucas semanas, até mesmo com a visita do Ministro dos Transportes, Paulo Sérgio Passos, autorizou obras de pavimentação da BR-158, uma importante rodovia federal que vai ligar a região central do Estado à cidade de Campo Mourão, região de grande produção agrícola e sede da COAMO, a maior cooperativa da América Latina. Essa região será ligada pela BR-158 até o sudoeste do Paraná, uma região também de muita produção agrícola, com grande destaque na agricultura familiar.
	Quero lembrar também uma obra que está sendo executada pelo DNIT no Paraná, a BR-487. Ela já teve um trecho concluído, e o segundo está em obras, com quase 70% executadas. Como se isso não fosse bastante, na mesma visita foi publicada a licitação de mais dois trechos que vão ligar o noroeste do Paraná ao Estado de Mato Grosso do Sul, na divisa do Município de Icaraíma, no Porto Camargo. E estão fora as obras inauguradas. 
	No ano passado, o DNIT concluiu o Contorno de Cascavel, concluiu o Contorno de Maringá, concluiu a pavimentação de trechos importantes da BR-153, além de ter concluído a licitação - as obras vão iniciar em poucos dias - da duplicação da BR-163, que corta todo o oeste do Estado, ligando Mato Grosso do Sul e Paraguai ao Estado de Santa Catarina.
	Parabéns ao DNIT e ao Ministério dos Transportes!"
2014-11-13T17:00;DEPUTADOS, BANCADA, PT, REUNIÃO, BALANÇO.;PELA ORDEM;"O SR. ZECA DIRCEU (PT-PR. Pela ordem. Sem revisão do orador.) - Sr. Presidente, saúdo a importante iniciativa da bancada do Partido dos Trabalhadores, que, hoje, com a grande maioria dos Deputados atuais e também dos eleitos, se reuniu, durante todo o dia, para, mais uma vez, reafirmar propostas importantes não só para a bancada, mas para o País: a reforma política, a democratização dos meios de comunicação e a necessidade de termos aqui, no Congresso Nacional, na Câmara dos Deputados, um ambiente mais harmonioso para dar base à sustentação não só ao Governo da Presidente Dilma, mas a tudo aquilo que o Governo representa de mudanças, de transformações, e que está alicerçado pela vontade popular, pela grande vitória obtida na eleição presidencial. 
	Que o debate feito hoje prossiga, nos próximos dias, não só na nossa bancada, mas com o conjunto de outros partidos da base aliada e também com todo o Congresso Nacional.
	Muito obrigado."
2014-11-26T16:52;"CONVOCAÇÃO, DEPUTADO, PLENÁRIO DA CÂMARA DOS DEPUTADOS.
PEC 426/2014, PROPOSTA DE EMENDA À CONSTITUIÇÃO, RECOMPOSIÇÃO, DISTRIBUIÇÃO, RECURSOS, FUNDO DE PARTICIPAÇÃO DOS MUNICÍPIOS (FPM), SEGUNDO TURNO, APROVAÇÃO, DEFESA.";PELA ORDEM;"O SR. ZECA DIRCEU (PT-PR. Pela ordem. Sem revisão do orador.) - Sr. Presidente, quero reforçar também aqui o apelo feito, para que nós consigamos alcançar o quórum e aprovar essa PEC importante a todos os Municípios brasileiros. Nós temos a falta de poucos votos para conseguir atingir o quórum.
	Tendo sido Prefeito por duas vezes, tenho clareza da importância do aumento do FPM aos Municípios brasileiros, que é a mesma preocupação que está sendo demonstrada em relação às finanças dos Municípios, às condições para que possam ser feitas obras e investimentos.
	Espero que o Congresso e a Câmara dos Deputados mostrem também a necessidade de mudança dos critérios do superávit primário que nós estamos tentando votar aqui já há um bom tempo. Isso é importante também para que o Governo Federal, grande parceiro dos Municípios, dê continuidade às suas obras, aos seus programas, e que nós não tenhamos nenhum tipo de prejuízo em relação aos investimentos federais num momento tão importante como este de fim de ano. 
	Peço aos Deputados que venham ao plenário e façam o seu papel, votando ""sim""."
2014-12-09T14:26;DILMA ROUSSEFF, PRESIDENTE DA REPÚBLICA, REELEIÇÃO, LEGITIMIDADE, DEFESA, CAMPANHA ELEITORAL, PRESTAÇÃO DE CONTAS, TRIBUNAL SUPERIOR ELEITORAL (TSE), ERRO, OMISSÃO, ESCLARECIMENTO, OPOSIÇÃO, MÍDIA, CRÍTICA.;BREVES COMUNICAÇÕES;"O SR. ZECA DIRCEU (PT-PR. Sem revisão do orador.) - Sr. Presidente, Deputados e Deputadas, quero aqui dividir com todos a minha preocupação por mais um capítulo que se repetiu ontem, numa tentativa de transformar este período importante de fim de ano em nosso País num terceiro turno eleitoral. De forma muito permanente, os grandes veículos de comunicação, ou, pelo menos, boa parte deles, divulgam vazamentos, informações distorcidas, tentam manipular a opinião pública, como se o resultado do segundo turno das eleições presidenciais não fosse um resultado válido, como se nós não estivéssemos numa democracia em que a maioria do povo é quem decide, de fato, através daqueles que são seus representantes.
	A Presidenta Dilma foi reeleita, no segundo turno das eleições presidenciais, de forma legítima e inquestionável. Os vazamentos divulgados pela imprensa, o posicionamento de alguns técnicos do TSE, a manipulação que faz grande parte dos veículos de comunicação, e, principalmente, os que se sujeitam a alguns líderes da Oposição agora tentam transformar a vitória da Presidenta Dilma numa irregularidade que não existe. 
	Não é porque haja, numa prestação de contas eleitoral, algumas ressalvas, alguns pequenos equívocos e correções que precisam ser feitas, que se pode colocar em xeque um processo democrático tão bonito, tão amplo, muitas vezes tão agudo como o que nós vivemos nas últimas eleições, tanto no primeiro quanto no segundo turno.
	Que as notícias divulgadas e os pareceres de técnicos jamais venham e jamais possam sobressair à vontade da maioria, à vontade do povo brasileiro, daqueles que reconhecem as marcas positivas que ficaram nestes últimos 12 anos nos Governos do Presidente Lula e da Presidenta Dilma! Que jamais uma prestação de contas eleitoral possa sobressair à decisão pela continuidade de mudanças que vêm sendo implementadas no País, que foram avaliadas durante a disputa eleitoral e aprovadas pela maioria da população!
	Então, quero aqui solidarizar-me com a Presidenta Dilma, quero aqui colocar-me em defesa da democracia, dos resultados da eleição e posicionar-me contra qualquer tipo de manobra, qualquer tipo de golpe, qualquer tipo de tentativa de tirar a autoridade da Presidenta Dilma e de todos nós que compomos a sua base de sustentação - os partidos aliados e o Partido dos Trabalhadores - para poder governar o País nos próximos 4 anos.
	Muito obrigado."
2014-12-10T11:56;"DIA INTERNACIONAL CONTRA CORRUPÇÃO, GOVERNO FEDERAL, PT, COMBATE CORRUPÇÃO, ELOGIO.
REFORMA POLÍTICA, DEFESA.";BREVES COMUNICAÇÕES;"O SR. ZECA DIRCEU (PT-PR. Sem revisão do orador.) - Sr. Presidente, Sras. e Srs. Deputados, todos os que nos assistem pela TV Câmara e nos ouvem pela Rádio Câmara, ontem foi comemorado o Dia Internacional de Combate à Corrupção, e a corrupção, um tema tão debatido nesta Casa de Leis e tão explorado pelos veículos de comunicação, merece, sim, um pronunciamento e uma reflexão nesta semana.
	Quero destacar aqui a grande diferença deste momento por que passa o nosso País. No passado, nada se investigava, nenhuma denúncia era apurada, ninguém jamais era sequer julgado, quanto mais punido. O Brasil vive sob o Governo da Presidenta Dilma, e também foi assim sob o Governo do Presidente Lula, um novo momento.
	A corrupção continua existindo e causa um mal enorme ao País, mas, diferentemente do passado, hoje tudo se investiga. Todo tipo de denúncia - muitas vezes denúncias infundadas -, principalmente as denúncias com fundamento são apuradas. Condenações muitas vezes injustas e outras vezes justas têm ocorrido. Ou seja, o Brasil está sendo passado a limpo.
	A corrupção está sendo combatida como nunca no nosso País. Nós haveremos, sim, de avançar cada vez mais nessa luta, que não pode ser apenas uma luta partidária, que não pode ser apenas uma luta de um único Governo. Tem que ser cada vez mais uma luta de toda a sociedade, para que, a partir de movimentos das entidades organizadas do País, a partir de movimentos daqueles que querem realmente mudar a política, a partir de movimentos daqueles que querem ver cada vez menos a corrupção sendo um grande mal para o País, nós possamos avançar naquilo que é essencial.
	E quero dizer aqui que considero essencial a reforma política, uma reforma política que tenha, principalmente, um foco muito claro no que diz respeito ao financiamento das campanhas, financiamento que, principalmente por se pautar em grande parte por volume de recursos privados, em grande parte de empresas privadas, tem muitas vezes trazido o dia a dia da política e da vida pública para os privilégios, para os favorecimentos, que acabam depois descambando para a corrupção.
	Então, que a reforma política sirva cada vez mais como uma meta nossa, para podermos avançar em um país com menos corrupção!"
