dataHoraInicio;keywords;tipoDiscurso;transcricao
2003-03-19T15:52;AGRICULTURA , FINANCIAMENTO , PRODUÇÃO , CACAU , CACAUICULTURA , BA.;PELA ORDEM;"O  SR. JOSIAS GOMES (PT-BA. Pela ordem. Pronuncia o seguinte discurso.) – Sr. Presidente, Sras. e Srs. Deputados, acompanho de perto os problemas afetos ao nosso Estado, especialmente ao sul da Bahia, que teve a sua lavoura cacaueira, em 1989, atacada pela insidiosa doença vassoura-de-bruxa.
A Comissão Executiva do Plano da Lavoura Cacaueira — CEPLAC, com amplo apoio do Governo Federal e Estadual, tem operacionalizado o Programa de Recuperação da Lavoura Cacaueira Baiana com ações de combate e controle da doença vassoura-de-bruxa por meio da geração e difusão de tecnologias, com a finalidade de desenvolver variedades de cacaueiros de elevada produtividade e resistência à doença.
Conforme Resolução nº 3.029, do Banco Central, encerra-se no dia 31 de março de 2003 o prazo concedido aos agentes financeiros para contratação dos financiamentos no âmbito do Programa de Recuperação da Lavoura Cacaueira Baiana. Também nesse mesmo período encerram-se as negociações do Programa Especial de Saneamento de Ativos — PESA.
Atualmente, vários fatores estão incentivando os produtores a reinvestirem na atividade cacaueira, o que justifica a prorrogação do programa. Entre os principais fatores estão: a recuperação dos preços no mercado internacional provocada pela queda da produção, o aumento do consumo mundial e o desenvolvimento de novos métodos para enxertia do cacaueiro. As pesquisas realizadas sobre o combate à doença alcançaram sucesso. Como exemplo cito o Projeto Rede Genoma, desenvolvido pelo Centro de Pesquisa do Cacau — CEPEC/CEPLAC, EMBRAPA, UESC e UNICAMP. O processo de recuperação da lavoura ainda conta com o adensamento das áreas plantadas, que consiste em elevar o número de plantas por hectare e a produção de novos clones resistentes à doença.
Ignorar todos esses avanços e conquistas não dando continuidade ao  programa de recuperação do setor seria desastroso para a cacauicultura do País, além de criar um problema social no meio rural.
É conveniente ressaltar que, quanto aos ajustes para o equacionamento dos estoques de dívidas e aplicações em novas operações dos saldos dos recursos disponibilizados originários do Programa de Recuperação da Lavoura Cacaueira Baiana, torna-se necessário e imprescindível adoção de providências do Governo Federal com vistas prorrogar as dívidas contraídas na fase anterior das contratações, abrigando-as na Resolução CMN nº 2471, de 1998 (PESA).
Com isso, a proposta de prorrogação objetiva permitir aos agentes financeiros concluir as operações que ainda se encontram em estudo, bem como permitir novas contratações utilizando-se o saldo de recursos ainda não aplicados nas lavouras em decorrência da lentidão do processo de contratações.
Os esforços feitos de forma conjunta entre autoridades federais e estaduais, setores técnicos e financeiros, bem como o enorme e heróico trabalho dos produtores permitem vislumbrar uma gradual e segura recuperação  da lavoura cacaueira baiana e da atividade derivada do agronegócio como um todo, o que, em última instância, constitui-se no objetivo maior de todas as autoridades públicas."
2003-03-28T13:02;LUIZ INÁCIO LULA DA SILVA, PRESIDENTE DA REPÚBLICA, POLÍTICA AGRÍCOLA, INCENTIVO, AGRICULTURA, ECONOMIA FAMILIAR, PRONAF, EXPORTAÇÃO, REFORMA AGRÁRIA, FINANCIAMENTO AGRÍCOLA, MILHO, SORGO, CRIAÇÃO, SECRETARIA NACIONAL DE PESCA E AQÜICULTURA, EMPREGO, MEDIDA PROVISÓRIA, DÍVIDA AGRÁRIA, PEQUENO PRODUTOR RURAL, ASSENTAMENTO RURAL, PROGRAMA FOME ZERO, ELOGIO.;GRANDE EXPEDIENTE;"O SR. JOSIAS GOMES (PT-BA. Sem revisão do orador.) - Sr. Presidente, Srs. Deputados, na qualidade de Deputado e agrônomo ocupo esta tribuna para trazer ao conhecimento da Casa e do País os esforço que o Governo Lula vem desenvolvendo em benefício da agricultura, sobretudo no tocante à agricultura familiar.
Antes, porém, quero dizer que ouvi atentamente o discurso proferido pelo nobre Deputado Alceu Collares, do Rio Grande do Sul. S.Exa. teceu algumas críticas ao fato de o nosso Presidente ter levado o debate para fora desta Casa, onde acontecerá a conclusão das reformas.
O Presidente, no intuito de ampliar o debate, criou instrumentos para ouvir os diversos segmentos deste País. Com isso, permitiu que, além do debate que será travado nesta Casa, a sociedade possa se manifestar. Vejo nisso um avanço da nossa democracia. E vejo mais: sinto que isso implica necessariamente nossa sintonia com a sociedade e seus diversos segmentos.
Portanto, quero louvar o Presidente Luiz Inácio Lula da Silva pela iniciativa de ampliar a possibilidade de outros segmentos, não apenas o Congresso Nacional, discutirem as reformas.
Mas, Sr. Presidente, como já adiantei, venho hoje à tribuna discorrer sobre o que fez o Governo Lula nesses três meses, no tocante à agricultura.
Segundo o texto do Vida Digna no Campo, nosso programa de governo para o campo, ""as políticas econômicas do Governo Lula pretendem oferecer ao setor agrícola e a todo o mundo rural brasileiro um novo ambiente macroeconômico, formado a partir de: políticas que buscam a redução gradual e constante na taxa de juros reais; uma reforma tributária para desonerar a produção, a exportação e o consumo de produtos agrícolas e seus derivados, especialmente os componentes da cesta básica alimentar; uma política cambial que preservará a competitividade das nossas exportações, sem comprometer a produção interna de bens intermediários e finais"".
Nós, do Partido dos Trabalhadores, acreditamos que, a partir de boas políticas para o meio rural, ""haverá geração de emprego, de renda, processos sustentáveis de produção, desconcentração econômica e populacional, além da geração de divisas"".
O nosso programa de governo para o campo, além desses enunciados, pretende garantir o abastecimento alimentar da população em quantidade e qualidade suficientes a um padrão elevado de alimentação e nutrição do nosso povo; gerar divisas para o País; manter e gerar postos de trabalho no campo; recuperar e manter os nossos recursos naturais, e implementar um programa de reforma agrária bastante amplo.
Atingiremos esses objetivos a partir da concretização de políticas básicas, centradas em sete eixos estratégicos.
Primeiro eixo estratégico: promoção e defesa da agricultura nacional.
Estamos desenvolvendo um conjunto de políticas de promoção das exportações. A proposta do Governo é buscar novos mercados de forma mais agressiva, lutando contra as barreiras existentes contra nossos produtos, diversificando nossa pauta e agregando novos valores, com maiores níveis de processamento e de responsabilidade social e ambiental.
Estamos implementando mecanismos de proteção de renda das famílias agrícolas e de formação de estoques de alimentos que permitam um mercado mais estável a consumidores e produtores.
Vamos proteger nossa agricultura da concorrência desleal das importações ou das oscilações especulativas dos preços no mercado internacional. Discutimos, de forma coerente, que os preços internos sejam aumentados de forma gradual, a fim de darmos soberania alimentar ao povo brasileiro.
Pensando nisso, o Ministro Roberto Rodrigues ratificou pedido de aumento da cota Hilton, autorizando o Brasil a passar o volume de carne bovina sem osso exportada todo ano para a Europa de 5 mil para 20 mil toneladas. Isso ocorreu durante encontro com o Comissário de Comércio Exterior da União Européia.
Foi feita parceria com o SEBRAE para treinar técnicos das 27 Delegacias Federais de Agricultura, a fim de capacitá-los a promover as exportações do agronegócio.
Foi anunciada, por esse Ministério, linha de crédito de pré-custeio de trigo, com juros de 8,75% ao ano. O Banco do Brasil vai liberar 50 milhões de reais para financiar a compra de sementes e fertilizantes para produtores de Goiás, Mato Grosso do Sul, São Paulo, Paraná e Rio Grande do Sul. O objetivo é estimular a ampliação em, pelo menos, 10% da área plantada de trigo, passando de 2,3 milhões de hectares com produção de 2,9 milhões de toneladas, na safra de 2002, para quase 2,6 milhões de hectares, com produção de 4,5 milhões de toneladas na safra de 2003.
O Presidente Luiz Inácio Lula da Silva anunciou a criação de uma linha especial de crédito para comercialização de milho e sorgo, com juros de 8,75% ao ano. Essa linha é destinada a agricultores, cooperativas e agroindústrias.
O Ministro Roberto Rodrigues criou medidas para incentivar o aumento da produção de milho e sorgo e para facilitar sua comercialização. No caso do milho de sequeiro, o limite de financiamento passou de 250 mil reais para 400 mil reais; no do milho irrigado, de 300 mil reais para 480 mil reais.
	Foi instalado, também por esse Ministro, o Conselho do Agronegócio, o chamado CONSAGRO, órgão consultivo que servirá para que o Governo e o setor privado avaliem e negociem a implementação de diretrizes e estratégias competitivas para o agronegócio brasileiro. Vale destacar que o CONSAGRO terá câmaras setoriais das principais cadeias produtivas.
	Com o objetivo de sinalizar a evolução de preços, estimular a produção da safrinha, apoiar a comercialização e reduzir a sazonalidade de preços, o Governo anunciou o lançamento de contratos de opção para 2 milhões de toneladas de milho nas principais regiões produtoras. 
	Segundo o Ministério da Agricultura, pela primeira vez também haverá opções pelo sorgo. Serão lançadas opções para até 600 mil toneladas do grão. Em caso de o produtor exercer todas as opções de milho e sorgo, o Governo poderá despender até 847 milhões de reais nessas operações.
	Nos termos do que foi prometido durante a campanha eleitoral, o Presidente criou a Secretaria Nacional da Pesca e Aqüicultura, que vem ao encontro dos desejos e necessidades da classe pesqueira do País. 
	Essa Secretaria permitirá que os segmentos da pesca industrial, artesanal, maricultura, aqüicultura continental e construção naval do País possam vislumbrar nova era para o setor pesqueiro. A nova Secretaria atenderá aos anseios mais imediatos na execução de política para a pesca e a aqüicultura, que precisa, acima de tudo, de estímulo, apoio e compromissos do Governo.
	No Brasil, a realidade do setor pesqueiro estava necessitando da intervenção do Governo Federal, e a criação de órgão próprio, destinado exclusivamente à pesca e à aqüicultura, por si só demonstra o interesse do Governo em dinamizar esse setor de vital importância para a economia, sobretudo por ser a costa brasileira uma das maiores do mundo e de o País ser o 27º produtor de pescado internacional.
Ouço, com prazer, o nobre Deputado Costa Ferreira.
	O Sr. Costa Ferreira - Nobre Deputado Josias Gomes, parabenizo V.Exa. pelo brilhante e inteligente pronunciamento que profere nesta manhã para todo o País. Estamos a acompanhar as metas do Governo Lula e acreditamos estarem elas realmente voltadas para o interesse dos mais carentes e necessitados. Desde a Constituinte, lutamos para que fosse criado o Ministério da Pesca, porque não nos conformamos em ver outros países, como o Chile e o Peru, nas nossas cercanias, que têm suas divisas baseadas nesse setor, tanto industrializado quanto in natura, e o Brasil — que possui uma costa de 8.500 quilômetros, com abundância em lagos, rios — passar por dificuldades e ter sua imagem no exterior como de um país que vive na miséria. O Governo Lula criou em tempo essa Secretaria. Por isso, voltamos a insistir para que S.Exa. crie esse Ministério, para, dessa forma, fazer política de combate à pobreza, retirando do mar, dos lagos, dos rios, o sustento necessário para  termos um Brasil digno das aspirações de todos, onde a miséria e a fome não convivam no dia-a-dia dos brasileiros. Este Governo tem tudo para se sair muito bem combatendo a fome e a miséria. Mais uma vez, parabéns a V.Exa. pelo pronunciamento. Muito obrigado.
	O SR. JOSIAS GOMES - Agradeço ao nobre Deputado Costa Ferreira o aparte.
De fato, nosso interesse não será outro senão o de elevar a auto-estima do povo brasileiro, iniciando pela estruturação de todos esses Ministérios. Digo a V.Exa., Deputado, que nos últimos Governos não houve de longe um Ministério com a capacidade do nosso. Trata-se de um Ministério competente. Refiro-me inclusive aos novos Ministérios criados. Temos um grupo de excelência, tanto do PT quanto dos partidos aliados que, sem dúvida alguma, servirá para o engrandecimento do País.
Continuando, vou falar do segundo eixo estratégico do Governo na área agrícola: o fortalecimento da agricultura familiar. 
O Ministério do Desenvolvimento Agrário já efetivou 40 mil contratos de custeio e de investimentos no PRONAF (Programa Nacional de Fortalecimento da Agricultura Familiar), de janeiro até a presente data. Finalizou o acordo com o Ministério da Agricultura, transferindo a assistência técnica. Em parceria com o Ministério do Meio Ambiente, aprovou propostas de assistência técnica para o PRONAF Florestal em 1.500 Municípios da Mata Atlântica, no valor de 6 milhões de reais, para os próximos quatro anos. Também em parceria com o Ministério do Meio Ambiente, consolidou a proposta de PROAMBIENTE (Programa de Desenvolvimento Sustentável para a Produção Familiar Rural da Amazônia). Aprovou, em conjunto com o Ministério da Agricultura, política emergencial de abastecimento de milho para criadores de aves e suínos da agricultura familiar, por meio de EGF (Empréstimo do Governo Federal), que representa os estoques do Governo  Federal, financiando 18 reais por saca, com juros de 8,75% ao ano e prazo de até 180 dias para o pagamento.
	Nesse sentido, está em andamento na EMBRAPA o Programa de Fortalecimento do Projeto de Pesquisa para Agricultura Familiar, que objetiva prioritariamente gerar ou adaptar tecnologias e conhecimento capazes de contribuir para a melhoria das condições de estabilidade e reprodutibilidade das unidades agrícolas familiares, tendo como base a maior integração, a economia de mercado, deixando de lado a economia de subsistência e evitando o abandono da terra.
	Terceiro eixo estratégico: implantar política nacional de reforma agrária. 
	Estamos dando início a um programa de reforma agrária amplo e não atomizado. Com a participação da sociedade civil, será elaborado o Plano Nacional de Reforma Agrária, cujos objetivos operacionais serão, entre outros, o estabelecimento de zonas reformadas, priorizando a desapropriação por interesse social como instrumento de arrecadação de terras improdutivas e a garantia dos direitos humanos com promoção de ações específicas e permanentes de fiscalização do trabalho rural, do combate à violência no campo e com o fim da repressão institucional aos trabalhadores rurais e suas entidades de representação. 
	No Governo Lula já foram criados 47 projetos de assentamentos em 88.133 hectares, com a capacidade de assentamento de 2.196 famílias.
	 O INCRA realizou, nesse período, Oficina de Planejamento e Gestão e  Seminário Nacional, envolvendo a direção do Ministério do Desenvolvimento Agrário, do INCRA e seus técnicos e superintendentes regionais nos Estados. Esses eventos tiveram como produtos a construção do novo modelo de reforma agrária.
Quarto eixo estratégico: geração de renda e empregos de qualidade.
Vamos manter os atuais postos de trabalho da agricultura e gerar novos por meio da reforma agrária, do incentivo ao adensamento das cadeias agroindustriais, do apoio à agroindústria familiar e ao cooperativismo, do desenvolvimento de outras cadeias produtivas não agrícolas e da ampliação do acesso às políticas sociais — saúde, educação, habitação, infra-estrutura.
Estamos objetivando recuperar a renda agrícola por meio do aumento do consumo interno de alimentos, derivado dos efeitos dos programas econômico e social e das medidas que impliquem: gradual, mas firme desconcentração econômica dos setores industriais e comerciais vinculados à agricultura; solução do problema do endividamento agrícola, ao mesmo tempo em que reduzirá o próprio custo de carregamento da dívida junto aos bancos; ampliação da oferta de crédito; redução da carga tributária; novos investimentos públicos em infra-estrutura e logística; ampliação da oferta em pesquisa e assistência técnica; implantação do seguro de renda de agricultores familiares e assentados, conforme projeto de lei apresentado pelo Partido dos Trabalhadores no Congresso Nacional; e recuperação dos mecanismos de intervenção no mercado agrícola, no sentido de garantir ambiente de maior estabilidade nos preços a produtores, indústrias e consumidores.
Com o objetivo de estruturar um programa de renda mínima no campo, foi encomendado ao Instituto Interamericano de Cooperação para a Agricultura — IICA estudo sobre o perfil do agricultor brasileiro.
Na próxima segunda-feira, será editada, pelo Presidente da República, medida provisória que trata da dívida dos pequenos agricultores familiares e assentados, o que causará impacto extraordinário na agricultura familiar brasileira. 
De longe, essa é a medida mais importante desses três meses de Governo. Com ela, atenderemos a mais de 40 mil famílias de agricultores familiares. Sabemos que esse debate vem sendo travado no Congresso desde 1995, mas, enfim, este Governo, que há três meses está no poder, já pode anunciar que desta vez vamos resolver o problema da pequena produção.
	Essa é uma primeira ação concreta para tratar do endividamento desses setores. Ela beneficiará agricultores das Regiões Norte, Nordeste e Centro-Oeste, os assentados de todo o Brasil. No caso dos agricultores familiares com dívidas junto aos Fundos Constitucionais no Norte, no Nordeste e no Centro-Oeste, será eliminada a exigência de contrapartida para renegociação das dívidas, e, finalmente serão repactuados os contratos financiados com recursos do FAT. Nesse último caso, a medida terá alcance extraordinário na Região Nordeste, minha Região. 
Afora essas medidas, que resultarão num impacto para o Tesouro da ordem de 380 milhões de reais, o Governo criou uma comissão que terá trinta dias para levantar todas as pendências relacionadas às dívidas dos pequenos produtores para se buscar uma solução definitiva para o problema. Assim, esses agricultores estarão reabilitados para contratação de novos créditos e aptos a contribuir com a prioridade absoluta do Governo Lula: redinamização da economia com a conseqüente geração de renda e ocupação para o povo brasileiro.
O Governo criará ainda outra comissão, esta para estudar e propor soluções para as dívidas dos demais setores da agricultura brasileira, que, finalmente, merecerá o reconhecimento oficial pela enorme contribuição que vem dando ao País, o único setor superavitário da nossa balança comercial nos últimos anos. 
	Dessa maneira, estaremos atendendo a agricultura familiar e a grande agricultura, porque não há dicotomia entre uma e outra; elas se somam para resultar uma grande agricultura neste País.
	Ouço com prazer a nobre Deputada Rose de Freitas.
	A Sra. Rose de Freitas - Agradeço, nobre Deputado Josias Gomes, o aparte concedido. Parabenizo V.Exa. pelo discurso, que demonstra preocupações com um setor que tem merecido, graças a Deus, a atenção dos últimos Governos, principalmente o do ex-Presidente Fernando Henrique Cardoso. Meus elogios também para o Presidente da República, que criou uma estrutura adequada para tratar do setor pesqueiro, até então um departamento dentro do Ministério da Agricultura. Aproveito para solicitar a V.Exa., que hoje faz um brilhante discurso, em que aborda os programas do Governo, que me permita citar uma outra preocupação de todos os que estão ligados à agricultura: a falta de repasse dos recursos do PRONAF para compra de equipamentos agrícolas. V.Exa. sabe que estamos numa época de plantio de vários produtos, como é o caso do feijão — meu Estado planta muito feijão. Os equipamentos agrícolas adquiridos pelas Prefeituras não puderam ser pagos e estão sendo tomados por falta de repasse desses recursos orçamentários. Portanto, peço a V.Exa. que se una a nós, Parlamentares interessados no assunto, em especial os integrantes da Comissão de Agricultura, nesse esforço para que o Governo dê atenção especial à liberação desses recursos. Além do mais, temos as investidas que o Governo fará no sentido de uma conquista tão importante, a reforma agrária, que V.Exa. sabe que foi objeto de muitas crises sociais neste País, deixando os agricultores desassistidos até o Governo do Presidente Fernando Henrique. Sei que o Governo do Presidente Lula aperfeiçoará, aprofundará e, com certeza absoluta, complementará o ciclo da implantação da reforma agrária no País. Muito obrigada e parabéns a V.Exa. pelo belíssimo discurso.
	O SR. JOSIAS GOMES - Obrigado, nobre Deputada Rose de Freitas. Sendo também participante da Comissão de Agricultura, quero informar a V.Exa. que comungo nas mesmas preocupações, a exemplo da que V.Exa. acabou de citar. 
Estamos transformando aquela Comissão num grande centro de debates. Inclusive, dirigi-me ao nosso Presidente, Deputado Waldemir Moka, do Mato Grosso do Sul, para dizer a S.Exa. que as bancadas governistas estão muito atentas àqueles debates que estamos iniciando. Estamos construindo muitos consensos, que, sem dúvida, resultarão em ganhos para o povo brasileiro, sobretudo para os agricultores.
	Portanto, incorporo as suas preocupações ao meu pronunciamento, e tenho o prazer de lhe dizer que o nosso Governo tem muita preocupação com a agricultura. 
Neste meu pronunciamento, faço um relato minucioso das ações que o nosso Governo tem feito nesses três meses. Estava me referindo ao quarto eixo estratégico, a geração de renda e emprego de qualidade.
Como dizia, o Ministério do Desenvolvimento Agrário está finalizando a montagem do Projeto Jovens Rurais (Nossa Primeira Terra), que visa beneficiar jovens, prioritariamente os formados pelas escolas agrotécnicas, com financiamento para aquisição de terras e para investimentos comunitários.
Ao mesmo tempo em que as atividades do Banco da Terra foram suspensas, foram adotadas diversas providências para solucionar a situação das famílias que se encontram em dificuldades, seja em razão das regras do programa, seja da execução equivocada. Excepcionalmente, está sendo autorizada a contratação de projetos em que não há pendências jurídicas ou técnicas e cujos proponentes foram prejudicados pela decisão de suspensão do programa. Está sendo finalizada proposta para a reestruturação do Fundo de Terras, visando, sobretudo, evitar a provável inadimplência das famílias beneficiadas, além de estudos sobre a sustentabilidade dos fundos e a viabilidade dos projetos financiados no passado.
Quinto eixo estratégico: construção da cidadania no meio rural.
Estamos articulando, nos diferentes campos de intervenção do Estado, ações de natureza emergencial, como cupons de alimentação e outros, com ações estruturais, como reforma agrária, reforma do sistema financeiro e fortalecimento da agricultura familiar, rompendo com a falsa dicotomia entre o econômico e o social. Entre outras ações, o Governo está melhorando a qualidade do ensino no meio rural, levando em conta a valorização da cultura local e a multifuncionalidade do espaço rural.
	Sexto eixo estratégico: soberania e segurança alimentar. 
	Estamos conjugando as políticas estruturais voltadas à redistribuição da renda, crescimento da produção, geração de emprego e reforma agrária, com as intervenções de ordem emergencial.
	A armazenagem no Brasil apresenta baixíssima capilaridade, e não existe onde está a pequena produção. 
	Vamos buscar ampliar a área atingida pela CONAB e fazer com que os estoques públicos de grãos, que estavam praticamente zerados, voltem a ser uma preocupação de Governo. A CONAB, de 1991 até o final de 2002, reduziu as unidades armazenadoras de 400 para 48, prejudicando assim a operacionalidade do programa em questão. Queremos, a partir de agora, aumentar a quantidade de unidades armazenadoras para atender até mesmo o Fome Zero. 
Felizmente, a sociedade brasileira aderiu e acolheu em boa hora o Fome Zero, composto por dezenas de ações integradas, que estão sendo implementadas de forma gradativa. O Ministério deu início ao projeto piloto nas cidades de Guariba e Acauã e não só com a distribuição do cartão; programas acessórios a ele estão sendo desenvolvidos para que se possa, a partir dali, desenvolver gradativamente o Fome Zero em todas as suas áreas.
	Sr. Presidente, eu teria ainda muito mais a falar neste momento, mas quero dizer que nosso Governo, na área da agricultura, com os esforços desenvolvidos, em apenas três meses, tem dado mostras da nova qualidade com que é tratada a agricultura brasileira.
	Nesse sentido, fico muito feliz em dizer ao povo brasileiro, que votou em peso no companheiro Lula para presidir o Brasil, que estamos no caminho certo e que a agricultura nunca teve um espaço tão privilegiado como passou a ter neste Governo.
	Era o que tinha a dizer."
2003-04-02T16:06;"ATUAÇÃO , MINISTRO DE ESTADO , ROBERTO RODRIGUES , ELOGIO.
SECRETÁRIO EXECUTIVO , JOSÉ AMAURI DIMARZIO , APOIO.";PELA ORDEM;"O SR. JOSIAS GOMES (PT-BA. Pela ordem. Pronuncia o seguinte discurso. ) – Sr. Presidente, Sras. e Srs. Deputados, ocupo hoje esta tribuna para saudar, em primeiro lugar, o Presidente da República, o meu companheiro Luiz Inácio Lula da Silva, pela escolha do Ministro Roberto Rodrigues para conduzir o Ministério da Agricultura, Pecuária e Abastecimento. E, em segundo lugar, quero parabenizar o próprio Ministro Roberto Rodrigues tanto pela escolha de sua equipe quanto pela direção competente e lúcida que vem levando a efeito nestes primeiros meses do nosso Governo.
O Ministério da Agricultura necessita de uma condução séria e respeitada, que destine atenção para o agribusiness, mas que não descuide da pequena propriedade, da agricultura familiar e dos assentamentos resultantes da reforma agrária ou da desapropriação para a construção de barragens de hidrelétricas – como é o caso do lago de Itaparica, no meu Estado da Bahia. Esta condução séria e respeitada a que refiro é de fundamental importância para a exportação e comercialização da produção primária brasileira.
Esta condução séria e respeitada é, com efeito, a marca que vem sendo dada à administração do Dr. Roberto Rodrigues. E, como não poderia deixar de ser, já vem apresentando os primeiros frutos.
A partir de ontem, o Brasil retomou as exportações de carne suína, suspensas desde o final do ano passado. Dentro dos próximos dias estarão anunciando importante acordo com vistas a incrementar a exportação brasileira de frangos. Trata-se do acordo bilateral de equivalência sanitária com a Arábia Saudita, que compreende o plano de ação do Governo brasileiro para a redução do risco de resíduos de niftrofurano na carne de frango.
As duas novas conquistas resultam da credibilidade e da competência gerencial, sem dúvidas. O gerenciamento competente está claramente retratado nas iniciativas implementadas pelo Sr. José Amauri Dimarzio, Secretário Executivo do Ministério da Agricultura, Pecuária e Abastecimento, visando à redução do custeio, das despesas operacionais e de manutenção daquele Ministério.
A racionalização das rotinas, a moralização e a renegociação dos contratos terceirizados, a otimização e valorização dos servidores são exemplos extremamente salutares no âmbito da Administração Pública e devem influenciar e ser perseguidos por todas as áreas de governo. 
No Ministério da Agricultura, Pecuária e Abastecimento, como resultado das primeiras medidas implementadas, nos primeiros noventa dias de administração já é possível projetar uma redução anual de despesas de gerenciamento do Ministério em torno de 10% (o que equivale à cerca de R$16 milhões).
A propósito, apresentei hoje, na Comissão de Agricultura e Política Rural, da Casa, Moção de Solidariedade ao Secretário Executivo José Amauri Dimarzio, que, por atacar privilégios consolidados, questionar contratos desfavoráveis ao Ministério, vem sendo alvo de ameaças e correspondências difamatórias apócrifas.
Assim, Sr. Presidente, concluo esta fala, parabenizando o Sr. Presidente da República pela escolha, bem como o Sr. Ministro Roberto Rodrigues e sua competente equipe pelo profícuo começo de gestão, para a qual desejo absoluto sucesso, para o bem do Brasil!"
2003-04-10T15:28;"CORONELISMO , ATIVIDADE POLÍTICA , ANTÔNIO CARLOS MAGALHÃES , BA , CRÍTICA.
ATIVIDADE POLÍTICA , ADMINISTRAÇÃO MUNICIPAL , ABUSO DE PODER , PREFEITO , ALUYR TASSIZO CARLETO , MUNICÍPIO , ITAMARAJÚ , CRÍTICA.
DESPEJO , USUCAPIÃO , DESRESPEITO , DIREITOS HUMANOS , POLÍCIA MILITAR , MAJOR ROOSEWELT SALUSTIANO SANTOS , MUNICÍPIO , ITAMARAJÚ , BA.";PEQUENO EXPEDIENTE;"O  SR. JOSIAS GOMES (PT-BA. Pronuncia o seguinte discurso.) – Sr. Presidente, Sras. e Srs. Deputados, fazer política na Bahia é uma atividade árdua. Penosa, em muitas oportunidades. E não me refiro somente aos aspectos físicos e geográficos, às distâncias entre os mais de 400 Municípios, à carência de água em algumas regiões ou à questão social, às dificuldades decorrentes da desigual distribuição de renda — uma das mais perversas do Brasil —, ao analfabetismo. Refiro-me, Sr. Presidente, à grave e nefasta cultura autoritária, a qual, tenho certeza, está chegando aos seus estertores.
Esta cultura do ""mandonismo"", como popularmente se designa, que tem no Senador Antonio Carlos Magalhães sua figura mais expoente, sobrevive ainda em diversos Municípios do Estado. A postura retrógrada do coronel do sertão tem sua versão atualizada de um ""coronel urbano"" que usurpa do poder econômico e político para exercê-lo sem respeitar os limites da lei, da Constituição ou dos direitos humanos.
Exemplos dos mais variados destes filhotes do coronelismo ocupam Prefeituras e outros cargos executivos, utilizando-se até mesmo da força policial. Nesta tarde ocupo a tribuna para mencionar um único exemplo desta triste realidade, mas que é extremamente representativo de toda esta situação.
O Município de Itamaraju, no extremo sul baiano, durante as eleições municipais, vivenciou, como outras tantas localidades baianas, o abuso do poder econômico por parte do Prefeito Aluyr Tassizo Carleto. O Prefeito de Itamaraju, que é um dos fiéis representantes da herança carlista do mandonismo, vem se mantendo no cargo por força de recursos processuais que vêm sendo alternadamente interpostos junto à Justiça Eleitoral nas três instâncias de jurisdição.
Recentemente, Sr. Presidente, Sras. e Srs. Deputados, a Polícia Militar da Bahia, sob o comando local do Major Roosewelt Salustiano Santos, protagonizou mais um episódio lamentável de desmando e desrespeito aos direitos humanos.
Na noite de 2 de abril, por volta das 2h da madrugada, de forma absolutamente arbitrária e ilegal, o Major Roosewlt e seus comandados promoveram o despejo de 58 pessoas. Ocorre que a área desocupada é terreno particular, sob o qual os despejados detêm o direito de posse por cerca de vinte anos. Tanto é assim que tramita no juízo cível da comarca ação de usucapião em que os despejados figuram como autores. No entanto, não existe, Sr. Presidente, nestes ou em quaisquer outros autos ordem judicial para a desocupação da área. Mesmo assim a força policial tratou de derrubar as benfeitorias lá existentes, levando os moradores ao desespero e ao desabrigo.
Como agravante, o próprio comandante da ""operação"", em entrevista a rádio local, afirmou textualmente que cumpria ordens do Prefeito Carleto para ""limpar o terreno"".
Como os moradores, em assembléia, optaram pela manutenção da posse do terreno, os mesmos policiais retornaram, no mesmo dia 2 de abril, por volta das 20h e atearam fogo nos pertences restantes e nas lonas pretas sob as quais iniciavam acampamento de resistência.
A intimidação, Srs. Parlamentares, não conhece limites. O advogado Luiz da Silva Leal, que patrocina a ação de usucapião promovida pelos moradores, vem sendo ameaçado de morte, da mesma forma que os Vereadores Joel Lacerda Vargens e Damião Fonseca e os Srs. João Climário Vargens, Selmides Pereira e Sondiedison Vieira, em razão da liderança que exercem.
A situação é tão grave que até as autoridades — delegado e representantes do Ministério Público local — sentem-se intimidados frente à truculência dos policiais e da Administração Municipal do Prefeito Carleto.
Diante da gravidade dos fatos e da perplexidade da população de Itamaraju, protocolei, ainda hoje, na Secretaria Especial dos Direitos Humanos solicitação ao Ministro Nilmário Miranda para que apure as denúncias e tome as providências necessárias para assegurar a proteção à vida das lideranças comunitárias e dos detentores da posse do referido terreno.
Para finalizar, Sr. Presidente, gostaria de consignar solidariedade ao Sr. Juiz da Vara Criminal de Itamaraju, Dr. Júlio César Freire Brandão, e às Promotoras de Justiça daquela comarca, Dras. Thiara Rusciolelli Souza e Darluse Ribeiro de Souza, para que perseverem e resistam na defesa do direito e da justiça.
Muito obrigado."
2003-04-22T16:14;SECRETARIA ESPECIAL DE AQÜICULTURA E PESCA, DESENVOLVIMENTO, AGRONEGÓCIOS, PISCICULTURA,  EMPRESA FAMILIAR, ATRAÇÃO, CAPITAL (ECONOMIA) , INCENTIVO, COOPERATIVISMO, VIABILIDADE, COMPETITIVIDADE, MERCADO INTERNACIONAL.;PELA ORDEM;"O SR. JOSIAS GOMES (PT-BA. Pela ordem. Pronuncia o seguinte discurso.) – Sr. Presidente, Sras. e Srs. Deputados, a decisão do Governo do companheiro Luiz Inácio Lula da Silva de criar a Secretaria Especial de Aqüicultura e Pesca reflete a determinação e a coragem de atuar em uma importante área econômica, relegada, nos últimos anos, a um plano de somenos importância nos escalões inferiores da política econômica.
	O resgate desta dívida do País para com este importante setor é um compromisso assumido pelo Presidente da República ainda na campanha eleitoral, quando firmou, em agosto de 2002, carta compromisso com os pescadores.
	Em nosso País, Sras. e Srs. Parlamentares, desconsiderar a importância social, política e econômica do setor da aqüicultura é um grave erro, que o futuro pode vir a cobrar com juros e correção. Todavia, este ônus, nos parece, está sendo afastado com a criação da Secretaria Especial de Aqüicultura e Pesca. O Brasil possui 8,5 mil quilômetros de costa e mais de 3,5 milhões de quilômetros quadrados de Zona Econômica Exclusiva, além de 12% do total da reserva mundial de água doce do planeta e cerca de 2 milhões de hectares de terras alagadas.
	Com tanta riqueza e abundância de potencialidades é inexplicável que a exportação brasileira de pescado, segundo o ranking da Organização das Nações Unidas para a Alimentação, ocupe apenas a 27 ª colocação mundial, atrás de países bem menos dotados como nossos vizinhos Peru, Chile e Argentina, e também países com territórios de dimensões mais reduzidas como a Noruega, as Filipinas, a Dinamarca e a França, entre outros.
	O consumo de pescado no Brasil — em torno de 7 Kg per capita/ano (bem abaixo dos 12 kg per capta/ano recomendados pela FAO) — é um dado eloqüente que já exigia um posicionamento estratégico, uma atuação em termos de política governamental, envolvendo as diversas nuanças do setor.
	As potencialidades da pesca e da aqüicultura no Brasil são de grandes proporções, até mesmo em face do abandono do setor nos últimos tempos. Hoje o setor gera em torno de 834 mil empregos diretos e cerca de 2,5 milhões de empregos indiretos, para uma produção, em 2002, de 985 mil toneladas. As projeções mais modestas avaliam ser possível, com a implementação de políticas globais de desenvolvimento sustentável e incentivo à produção e comercialização, em quatro anos, dobrar a renda gerada pelo setor, criando mais de 150 mil empregos diretos e 400 mil indiretos, para uma produção de 1,4 milhão de tonelada/ano de pescado.
	A aqüicultura brasileira tem experimentado, nos últimos anos, acompanhando a tendência mundial, um considerável crescimento, mesmo a despeito da carência de políticas estratégicas de inclusão da produção artesanal, familiar e de incentivo ao associativismo e ao cooperativismo. O crescimento que o Brasil experimentou no campo da exploração econômica de culturas aquáticas, salvo minguadas exceções, envolveu o incentivo à produção de escala, industrial, do agronegócio.
	A criação da SEAP, sob a competente condução do Ministro José Fritch, desloca a preocupação com o setor pesqueiro do Ministério da Agricultura (Departamento de Pesca e Aqüicultura — DPA/MA) para o âmbito da Presidência da República, refletindo assim a preocupação declarada de conceder ao setor uma atenção centralizada e, principalmente, estratégica.
	Considerar estrategicamente o setor implica ir além do incentivo ao agronegócio da pesca, mas também contemplar formalmente a pesca artesanal, a aqüicultura familiar e a recuperação e racionalização das pescarias costeira e continental. Significa a inserção competitiva no mercado internacional e a abertura de espaços para a atração de capitais. A SEAP favorecerá, assim consta do Plano Estratégico de Desenvolvimento da Aqüicultura e Pesca, a inclusão social das comunidades pesqueiras, por meio de investimentos em difusão de tecnologias e incentivo ao cooperativismo e ao associativismo.
	A prioridade ao setor pesqueiro, através da criação da SEAP, além do resgate de compromisso do Presidente Lula e da recuperação de comunidades pesqueiras artesanais, hoje em graves dificuldades, haverá de possibilitar o desempenho de importante papel na implementação do Programa Fome Zero, para a melhoria dos padrões de segurança alimentar.
	Muito obrigado."
2003-04-23T16:06;ESCUTA TELEFÔNICA, VIOLAÇÃO DE COMUNICAÇÃO, NATUREZA POLÍTICA, SUSPEIÇÃO, ANTÔNIO CARLOS MAGALHÃES, SENADOR, SECRETARIA DE SEGURANÇA PÚBLICA, BA, CRÍTICA.;PELA ORDEM;"O SR. JOSIAS GOMES (PT-BA. Pela ordem. Pronuncia o seguinte discurso.) – Sr. Presidente, Sras. e Srs. Deputados, o jornal A Tarde, de Salvador, em sua edição de ontem, 22 de abril, traz elucidativa matéria intitulada Central do grampo teve custo de R$ 4,9 milhões, de autoria do competente jornalista Marconi de Souza. A notícia é fruto de criteriosa de investigação jornalística, como, por sinal, costuma ser o trabalho de Marconi de Souza.
A história, segundo a matéria, começa em 1999, quando a Secretaria de Segurança Pública da Bahia pretendeu transformar o Serviço de Telecomunicações Policiais — SETEL — em Central Única de Telecomunicações — CENTEL. A CENTEL teria sido planejada pelo ex-Diretor Roberto Costa e Silva e unificaria os respectivos setores das Polícias Civil e Militar, do DETRAN e do Corpo de Bombeiros, centralizando o atendimento dessas corporações no telefone 190.
A Comissão formada com suporte da Secretaria de Administração e da Secretaria de Infra-Estrutura do Estado para definir a tecnologia a ser adquirida concluiu que o melhor sistema seria o digital, de 800 megahertz, capaz de interceptar ligações telefônicas e de localizar viaturas por satélite, através do GPS — Global Position System.
Definidas as necessidades, o edital de licitação foi publicado, em 2000, com todas as especificações exigidas pela Comissão que planejou a CENTEL. No entanto, Sr. Presidente, poucos dias antes da abertura das propostas, inexplicavelmente, o edital foi cancelado e a licitação suspensa, sem que se soubesse sequer de quem partiu a ordem para tanto.
O novo edital teria sido elaborado por Alan Farias, o hoje famoso assessor da então Secretária de Segurança Pública, Kátia Alves, segundo apurou o jornalista de A Tarde. A nova licitação foi vencida por uma empresa de nome Mitsca, pertencente a um lobista de origem chinesa que se tornou, segundo a notícia do jornal baiano, sócio do engenheiro Arnaldo de Melo Gusmão, casado com a neta do Senador Antonio Carlos Magalhães e responsável pela construção do prédio da CENTEL dentro do 5º Batalhão da Polícia Militar, no centro administrativo da Bahia.
A sociedade com a Mitsca é negada pelo marido da neta do Senador.
Em resumo, Sr. Presidente, Sras. e Srs. Deputados, a empresa que venceu a licitação não fabricava equipamento algum e precisou comprá-lo na Espanha, da empresa Teltronic. Os aparelhos são analógicos e não digitais, como recomendara a Comissão Técnica formada para planejar a CENTEL, e funcionam, também contrariamente às recomendações técnicas, em 400 megahertz. O resultado é que os equipamentos foram comprados em 2001, mas até hoje não entraram em funcionamento, pois a freqüência de 400 MHz não é permitida pela Agência Nacional de Telecomunicações para o sistema GPS. 
O projeto de unificação custou R$ 4,2 milhões ao Governo Federal e R$ 700 mil ao Estado da Bahia e até hoje não produziu a pretendida unificação das centrais das Polícias Civil e Militar, nem sequer a unificação do atendimento pelo telefone 190. Produziu, sim e tão-somente, o escândalo dos grampos ilegais — a maior bisbilhotice patrocinada com o dinheiro público de que se tem notícia na história.
Tudo isto — a corrupção, o desperdício dos recursos públicos e a certeza da impunidade, que é a causa desses males — está com os dias contados, Sras. e Srs. Parlamentares. O Brasil está mudando. O povo já deixou bem claro esse recado, ao eleger Luiz Inácio Lula da Silva Presidente do País. 
O Senado Federal, ainda ontem, deu provas de maturidade e independência. O relatório do Senador Geraldo Mesquita, do PSB do Acre, recomendando a cassação do Senador Antonio Carlos Magalhães, é uma firme demonstração de que o País não aceita a condescendência com os desmandos e com a postura desviada da ética.
A Bahia saberá, após a iminente queda de Antonio Carlos Magalhães, reescrever sua história, fundada na esperança e não no medo, na democracia e não no autoritarismo feudal e oligárquico. Nosso Estado saberá se reconstruir de forma democrática, independente e verdadeira.
Sr. Presidente, peço a V.Exa. que mande divulgar este pronunciamento nos órgãos de comunicação da Casa.
Muito obrigado."
2003-05-06T17:02;CONTESTAÇÃO , CRÍTICA , PARTIDO POLÍTICO , PT.;PELA ORDEM;"O SR. JOSIAS GOMES (PT-BA. Pela ordem. Sem revisão do orador.) - Sr. Presidente, em resposta ao Deputado Alberto Fraga, digo que o Partido dos Trabalhadores não deu emprego a nenhum dos companheiros que concorreram ao cargo de Governador. 
O tratamento desqualificador do papel que o Partido dos Trabalhadores desempenha no País não convém a quem exerce, nesta Casa, mandato parlamentar para discutir as grandes questões nacionais.
É evidente que há um problema jurídico no Distrito Federal relacionado à eleição do atual Governador. Acreditamos que  justiça será feita e o mandato será do Sr. Geraldo Magela, escolhido, de fato, pela maioria dos eleitores do Distrito Federal. Além disso, não aceitamos essa história, conforme disse o Deputado Fernando Ferro, de que há ligação entre o PT e as FARC.
Desafio o Deputado a trazer provas do que afirma! S.Exa. não pode usar de argumentos falaciosos contra o Partido dos Trabalhadores!"
2003-05-07T15:36;DENÚNCIA, IRREGULARIDADE,  NATUREZA POLÍTICA, MUNICÍPIO,  RIBEIRA DO POMBAL, BA, PROGRAMA BOLSA ESCOLA, MEC.;PEQUENO EXPEDIENTE;"O SR. JOSIAS GOMES (PT-BA. Pronuncia o seguinte discurso.) - Sr. Presidente, Sras. e Srs. Deputados, encaminhei no dia de hoje correspondência ao Exmo. Sr. Ministro da Educação, o Prof. Cristovam Buarque, advertindo S.Exa. sobre um problema que infelizmente é freqüente, com relação ao Programa Bolsa-Escola.
O programa, que, por sinal, tem no Ministro Cristovam sua maior referência, é meritório, não restam dúvidas. Se não tem ainda o alcance, guardadas as proporções, do projeto mundialmente reconhecido que foi levado a efeito na administração de Cristovam, quando Governador do Distrito Federal, no atual Governo Lula soma-se a outras iniciativas complementares, com vistas à melhor distribuição da renda e à erradicação da fome e do analfabetismo.
Todavia, as administrações municipais, parceiras e repassadoras dos recursos do Bolsa-Escola, muitas vezes sucumbem à tentação de agir como plenipotenciárias do programa, autoconcedendo-se o direito de vida e morte sobre o credenciamento dos beneficiários.
A Bahia, Sr. Presidente, com sua herança coronelista, tem sido pródiga nos tristes exemplos da política tacanha e personalista. Ainda ontem recebi em meu gabinete cópia da dita ""Nota de Interesse Público"", em que a Secretaria de Educação do Município de Ribeira do Pombal, na Bahia, convoca todas as pessoas que estão recebendo ou já receberam os benefícios do Programa Bolsa-Escola para certa solenidade com a presença do Governador Paulo Souto.
E pasmem, Sras. e os Srs. Parlamentares: a tal nota, de forma expressa, ameaça os que não comparecerem com a suspensão dos próximos pagamentos.
Em outras palavras, a municipalidade incorpora a figura de dono — ou seria deus? — do programa, com o poder de pagar e de cancelar o pagamento. E no interior da Bahia, infelizmente, não se trata de fato isolado. Assim sendo, o fato motivou a carta hoje enviada ao Ministro, sugerindo nota de esclarecimento a ser amplamente divulgada, a fim de que não se processem absurdos iguais aos que verificamos no Município de Ribeira do Pombal.
É inadmissível, Sr. Presidente! A ameaça, por si só, já é repugnante, ainda mais com as motivações deste caso. Temendo a baixa freqüência de público na solenidade com a presença do Governador, a autoridade municipal tratou de utilizar recursos de que não dispõe: convocou — e não convidou —, sob ameaça de suspensão, os beneficiários do Programa Bolsa-Escola, de âmbito federal!
Ora, Excelências, a desfaçatez é tanta que a nota foi escrita, publicada e amplamente divulgada, fazendo-se uso inclusive de carro de som.
A propósito, o representante do Ministério Publico Estadual, provocado pelo advogado Jairo Monteiro, interferiu e determinou que cessassem a divulgação da tal ""Nota de Interesse Público"".
Desejo que o Ministério da Educação, por intermédio de seu Ministro, a quem o Programa Bolsa Escola é tão caro, possa dar especial atenção a esse lamentável fato, que, conforme comentei anteriormente, é bem mais freqüente que qualquer tolerável exceção à regra.
Era o registro que gostaria de fazer, Sr. Presidente, requerendo, por fim, a divulgação deste discurso pelos órgãos de comunicação desta Casa e pelo programa A Voz do Brasil."
2003-05-08T15:44;CRIAÇÃO, CURSO NOTURNO, UNIVERSIDADE PÚBLICA.;PEQUENO EXPEDIENTE;"O SR. JOSIAS GOMES (PT-BA. Pronuncia o seguinte discurso.) - Sr. Presidente, Sras. e Srs. Deputados, apresento no dia de hoje uma indicação, com base no art. 113, inciso I e § 1º, do Regimento Interno desta Casa, sugerindo ao Poder Executivo o aprofundamento de estudos e a adoção de medidas no sentido de viabilizar o funcionamento integral das instituições federais de ensino superior em três turnos, de forma a permitir que alunos trabalhadores possam usufruir seus benefícios.
Sr. Presidente, Sras. e Srs. Deputados, entendo que as raízes dos maiores problemas brasileiros, a pobreza e a violência, encontram-se na histórica e injusta distribuição da riqueza e das oportunidades.
Nesse diapasão, os recursos públicos devem, sempre que possível, ser destinados ao combate dessas mesmas desigualdades.
As disparidades sociais, Sr. Presidente, tendem ao agravamento quando a distribuição dos bens públicos reproduz o injusto benefício aos mais aquinhoados. O Estado, sob o Governo popular e democrático do Presidente Luiz Inácio Lula da Silva, não tenho dúvidas, há de priorizar nas suas ações o equilíbrio e a eqüidade de oportunidades para todos os cidadãos, com vistas a evitar o agravamento das desigualdades existentes.
As instituições federais de ensino superior, em sua absoluta maioria, acabam por reproduzir e reforçar este contexto discrepante: os cursos oferecidos nas universidades federais, via de regra, impedem o acesso de alunos trabalhadores, por absoluta incompatibilidade de horários entre as aulas e o expediente normal de trabalho. Assim, somente os estudantes que possuem uma condição econômica pessoal ou familiar que lhes permita cumprirem seus estudos sem precisarem trabalhar podem freqüentar as universidades públicas.
Dessa maneira, Srs. Parlamentares, a universidade pública, deixa de servir àqueles que mais dela precisam. Nas raras exceções que ocorrem, os alunos sujeitam-se a expedientes de trabalho em horários que, por fim, prejudicam a aprendizagem e o aproveitamento curricular.
Destarte, as vagas do ensino público federal superior ficam inacessíveis a um contingente considerável da sociedade: os alunos que, em outros turnos do dia, exercem atividades profissionais.
Confio em que, dada a importância e o sempre declarado intuito da universalização do ensino, a indicação que faço terá plena acolhida por parte do Exmo. Sr. Ministro da Educação, que prontamente determinará sejam feitos os estudos para a viabilização do funcionamento das instituições públicas superiores, de forma integral, nos três turnos do dia.
Vale, por derradeiro, frisar que não se trata aqui de criar privilégios ou reservas de oportunidades aos mais necessitados, mas sim propiciar uma possível equivalência de acesso às vagas públicas no ensino superior, algo que deve ser efetuado com pouco dispêndio de recursos públicos e alguma criatividade na compatibilização de horários, e talvez com a contratação de docentes, o que desde já nos parece mínimo, diante da amplitude dos benefícios que podem ser alcançados.
Muito obrigado."
2003-05-14T12:30;"MEDIDA PROVISÓRIA,  NORMAS , COMERCIALIZAÇÃO, SAFRA, SOJA. 
SOJA, ALTERAÇÃO, PADRÃO GENÉTICO, NORMAS, CARÁTER  EXCEPCIONAL, COMERCIALIZAÇÃO.";PARECER;"O SR. JOSIAS GOMES (PT-BA. Para emitir parecer. Sem revisão do orador.) - Sr. Presidente, Sras. e Srs. Deputados, após várias reuniões, decidi apresentar o seguinte parecer em relação à Medida Provisória nº 113. 
A medida provisória em epígrafe, expedida pelo Exmo. Sr. Presidente da República, nos termos do art. 62 da Constituição Federal, com redação dada pela Emenda Constitucional nº 32, de 11 de setembro de 2001, e encaminhada ao Congresso Nacional por intermédio da Mensagem nº 104, de 2003, estabelece normas para a comercialização da safra de soja de 2003, na qual existem cultivares geneticamente modificados.
As disposições desta medida provisória permitem, sob condições, que a safra de 2003 seja comercializada sem a observância das restrições estabelecidas pela Lei nº 8.974, de 1995, e a despeito de vedação decorrente de sentença judicial. 
A medida provisória está centrada em alguns aspectos fundamentais: viabilização da comercialização da soja de 2003 — e, para isso, impõe restrições de comercialização até 31 de janeiro de  2004, após o quê os estoques deverão ser incinerados; vedação do uso de variedades organicamente modificadas como semente; certificação da soja não transgênica por entidade credenciada pelo Ministério da Agricultura para não-aplicação sobre o produto dos dois dispositivos restritivos acima apontados. 
Outras disposições.
O Ministério da Agricultura poderá determinar onde ela não será aplicada; a rotulagem dos produtos derivados, com qualquer nível de presença de organismos geneticamente modificados; retorno aos dispositivos da Lei de Biossegurança para as futuras safras.
No decorrer do prazo regimental, apresentaram-se perante a Comissão Mista incumbida de emitir parecer sobre a matéria 72 emendas de autoria dos ilustres Parlamentares Augusto Nardes, Confúcio Moura, Darcísio Perondi, Fernando Ferro, Janete Capiberibe, Jonas Pinheiro, Kátia Abreu, Leonardo Vilela, Luci Choinacki, Luis Carlos Heinze, Moacir Micheletto, Onyx Lorenzoni, Pompeo de Mattos, Roberto Freire, Nelson Proença, Ronaldo Caiado, Silas Brasileiro e Yeda Crusius.
	Esgotado o prazo para manifestação da Comissão Mista, sem que esta o fizesse, cabe ao Plenário da Câmara dos Deputados deliberar sobre a matéria. 
	É o relatório.
Voto.
	Da admissibilidade. 
O art. 62 da Constituição Federal estabelece que, em caso de relevância e urgência, é admissível a adoção de medida provisória pelo Presidente da República, que deverá submetê-la de imediato ao Congresso Nacional. A admissibilidade da medida provisória restringe-se, assim, aos pressupostos da relevância e urgência.
	Entendemos que esses pressupostos estão presentes no caso sob exame, visto que se trata de dar as condições legais para a comercialização da safra de soja, cuja colheita está em curso e cuja comercialização se dará de imediato, bem como a conseqüente oferta do produto ao consumidor brasileiro.
	Com base no exposto, somos pela admissibilidade da medida provisória.
Da constitucionalidade, juridicidade e técnica legislativa. 
O voto favorável à admissibilidade da medida provisória representa pronunciamento preliminar de constitucionalidade do ato legislativo. 
Analisando o conteúdo da medida provisória e das emendas apresentadas à luz do ordenamento jurídico institucional em vigor, verificamos que, nas matérias por elas tratadas, não incide qualquer das proibições constitucionais previstas no art. 62, incisos I a IV, e art. 246, com a redação dada pela Emenda Constitucional nº 32, de 2001, e nem se inserem entre aquelas cuja competência é exclusiva do Congresso Nacional ou de qualquer uma de suas Casas. Também não se integram naquelas de competência privativa do Presidente da República, previstas no art. 84 da Constituição Federal.
	Trata-se, pois, rigorosamente, de matéria passível de enquadramento no art. 48 da Carta Política que confere ao Congresso Nacional, com a sanção do Presidente da República, a prerrogativa de dispor, sob a forma de leis, sobre todas as matérias de competência da União. 
	A medida provisória em tela parece-nos constitucional, jurídica e de boa técnica. A suspensão temporária da lei ou de partes de lei é constitucional e tem amparo no § 3º do art. 2º da Lei de Introdução ao Código Civil. 
Salvo disposição em contrário, a lei revogada não se restaura com a perda de vigência da lei revogadora. 
	Ora, no caso da medida provisória em tela há disposição — art. 5º —  que repõe ou repristina a Lei n.º 8.974, de 1995, para a safra da soja de 2004 e posteriores. Trata-se, portanto, de proposição constitucional e jurídica. 
	Diante do exposto, nosso voto é pela constitucionalidade, juridicidade e boa técnica legislativa da Medida Provisória nº 113, bem como das emendas que lhe foram oferecidas. 
Da adequação financeira orçamentária. 
O exame da compatibilidade e adequação financeira e orçamentária da Medida Provisória nº 113, de 2003, deve ser realizado consoante o disposto no art. 5º, § 1º, da Resolução nº 1, de 2002. 
	O exame da compatibilidade e adequação orçamentária e financeira das medidas provisórias abrange a análise da repercussão sobre a receita ou a despesa pública da União e da implicação quanto ao atendimento das normas orçamentárias e financeiras vigentes, em especial a conformidade com a Lei Complementar nº 101, de 4 de maio de 2000, a Lei do Plano Plurianual, a Lei de Diretrizes Orçamentárias e a Lei Orçamentária da União. 
	Na nota técnica em que baseamos nosso parecer, a Consultoria de Orçamento pronunciou-se pela ausência de implicações financeiras e orçamentárias na Medida Provisória nº 113, de 26 de março de 2003. 
	Após análise compreensiva dos termos da medida provisória, verificamos, no que tange aos efeitos orçamentário e financeiro, que nenhum dos seus dispositivos colidem com as orientações acima citadas. 
Note-se especialmente que o disposto nos arts. 6º e 7º da medida provisória, relativos às instituições financeiras e oficiais de crédito, não envolve alterações orçamentárias ou financeiras. Trata-se apenas de normas e orientações para aplicação de linhas de crédito que não implicam, conseqüentemente, aumento das despesas já previstas na programação orçamentária para este exercício e seguintes, nem em renúncia das receitas previstas. 
Diante do exposto, voto pela compatibilidade e pela adequação orçamentária e financeira da Medida Provisória nº 113, de 2003, e das Emendas de nºs 1 a 72.
Do mérito. 
A Medida Provisória nº 113 foi adotada pelo Exmo Sr. Presidente da República com o objetivo de viabilizar a comercialização da safra de soja de 2003, fazendo desta excluir a aplicação da Lei nº 8.974, de 1995, a denominada Lei de Biossegurança, além de estabelecer outras medidas voltadas à rotulagem dos produtos derivados da citada safra. 
Esta medida, inquestionavelmente, tem o objetivo de enfrentar o grande impasse de repercussão nacional da existência de volumosa safra de soja plantada por milhares de agricultores, sobre a qual havia relevantes indícios de haver sido originada, em parte, de cultivares geneticamente modificados, contrariando disposições legais e regulamentares e mesmo sentença judicial.  
	Também pretende a medida prever as condições legais para resguardar o direito dos consumidores à informação, representada pela rotulagem obrigatória, mormente um tema tão sensível e polêmico: o dos organismos geneticamente modificados. 
Ainda mais: ela se insere no esforço por tornar claros e transparentes os critérios para correta aplicação da legislação relativos aos organismos geneticamente modificados, nas futuras safras.
	A aceitação dos termos da Medida Provisória nº 113 não significa — para o Poder Executivo, que a editou, ou para o Congresso Nacional, que a aprecia — a aprovação cega do cultivo de produtos transgênicos ou de seu consumo pela população. Ao contrário, representa o estabelecimento de regras específicas para o momento e o apontamento de que a política governamental para os organismos geneticamente modificados seguirá o que a legislação mandar no futuro. Veio tal ato legislativo solucionar o grave impasse criado pela omissão, incompetência e falta de espírito público que nortearam certos setores do Governo passado, que, ao arrepio das determinações legais e da Justiça, permitiram — e até incentivaram de forma subliminar — o plantio de cultivares transgênicos, trazendo, por essa via, milhares de agricultores à ilegalidade, na medida em que produziram algo não autorizado.
	Nesse sentido, apresentamos a nossa mais veemente condenação ao comportamento governamental exercido até o final de 2002. De sua ação e de sua omissão, a Nação brasileira herdou, entre muitas mazelas, a safra de soja transgênica ilegal que, indubitavelmente, atingiu valores expressivos, que geraram potencial crise econômica e social de repercussões inestimáveis.
	Assim, a medida provisória que ora apreciamos reveste-se de uma única característica, que esperamos seja sua marca e a forma pela qual será vista em nosso voto: trata-se, tão-somente, do ato emergencial para solucionar problema localizado de grande magnitude econômica e social, trata-se, portanto, de solução legislativa para o impasse criado a partir de fato consumado. 
Não se trata — e o dizemos com a convicção de quem participa do Governo — da sinalização de abrandamento da política relacionada aos produtos transgênicos. Ao contrário: a mesma medida provisória que libera a comercialização da safra 2002/2003, sob as condições assentadas, estabelece que retornem, para a safra de 2003/2004, todos os critérios que deveriam ter presidido a safra passada, com obediência plena aos dispositivos da Lei de Biossegurança.
	Temos a certeza de que a correta aplicação da lei decorrente da medida provisória em exame, a par de dar vazão à grande safra de soja brasileira e permitir a obtenção de renda pelos milhares de agricultores que cultivaram soja geneticamente modificada, permitirá formar as bases para uma nova era, no que concerne às políticas de biossegurança e de biotecnologia no Brasil.
As 72 emendas apresentadas à Comissão Mista incumbida de emitir parecer sobre a matéria são pertinentes e relevantes quanto ao mérito. Entretanto, em sua maioria descaracterizariam de tal forma o escopo da medida provisória que tornariam inaplicáveis os pressupostos básicos que levaram à sua adoção.
Ademais, é sabido que o texto desta medida provisória é fruto de intenso e negociado entendimento entre os vários Ministérios envolvidos com o tema, que levaram em conta suas próprias convicções e a defesa das áreas delimitadas em suas respectivas missões institucionais, bem como os anseios de diversos segmentos da sociedade civil que sobre eles agem: agricultores, ambientalistas, indústrias processadoras de alimentos, empresas exportadoras e órgãos de defesa do consumidor.
Assim, a despeito de considerar que, em certos casos, determinadas emendas caberiam em eventual projeto de lei de conversão, julgo mais oportuno não acatá-las, para preservar o amplo arco de alianças e entendimento que levou ao equilíbrio representado pelo texto adotado pelo Poder Executivo.
	Permito-me, tão-somente, detalhar as razões pelas quais não acato uma das emendas oferecidas, em virtude de sua amplitude e de seu caráter mais ambiciosos.
A Emenda nº 71, de autoria do nobre Deputado Darcísio Perondi, propõe agregar, aos termos originais da medida provisória, grande número de dispositivos adicionais que tratam da política para os organismos geneticamente modificados no Brasil. Em realidade, trata-se de emenda substitutiva, que incorpora os termos do substitutivo de autoria do ilustre Deputado Confúcio Moura, aprovado em Comissão Especial, no ano passado, e que se encontra pronto para votação no plenário.
	Ocorre que as disposições ali contidas possuem caráter absolutamente estrutural da política de organismos geneticamente modificados, alterando profundamente a Lei de Biossegurança e determinando novas diretrizes permanentes relacionadas à questão da maneira como a sociedade brasileira pode vir a tratar a introdução dos produtos transgênicos.
São, portanto, matérias que exigem aprofundado tratamento e intenso debate, que, reconhecemos, em parte já foi realizado pela Comissão Especial, mas que muito ainda terão de ser investigadas com minúcia, até que possamos transformá-las em lei permanente, estruturante da política do setor.
	De outra parte, a medida provisória sob análise é pontual, focada em aspecto específico, voltada à solução de impasse também localizado. Ela não é, definitivamente, o lócus apropriado para incorporar temas tão complexos, tão amplos e tão permanentes, a exemplo daqueles dispostos no substitutivo que a Emenda nº 71 incorporou e que aqui não acatamos. Ela é destinada à solução de impasse específico e, assim, a ele deve cingir-se.
	Logo, será mais conveniente — e desejável e necessário — que se reabra de imediato à aprovação da Medida Provisória nº 113 o debate em torno da questão mais permanente da política para os organismos geneticamente modificados, o que poderá ocorrer pela abertura da discussão do Projeto de Lei nº 2.905, de 1997, de autoria do Deputado Fernando Gabeira, dos demais projetos que lhe foram apensados e do substitutivo que a Comissão Especial aprovou.
	Com base no exposto, voto pela aprovação da Medida Provisória nº 113, de 2003, e pela rejeição das Emendas de nºs 1 a 72, a ela oferecidas.
	É o meu parecer, Sr. Presidente."
2003-05-14T16:44;MEDIDA PROVISÓRIA,  NORMAS , COMERCIALIZAÇÃO, SAFRA, SOJA, PROJETO DE LEI DE CONVERSÃO.;COMO RELATOR;"O SR. JOSIAS GOMES (PT-BA. como relator. Sem revisão do orador.) – Sr. Presidente, na verdade, já tinha dito a V.Exa. que trataria dessas questões. 
 Na leitura do projeto, citei como prazo para a comercialização 31 de janeiro de 2001, mas o correto é 31 de janeiro de 2004.
Quanto ao § 5º do art. 1º, de fato o nobre Deputado Ronaldo Caiado tem razão. Há uma incorreção: é o disposto nos §§1º e 3º e não nos §§1º e 2º . 
Também há incorreção no caput do art. 2º, que se refere aos §§ 4º e 5º, quando deveria referir-se aos §§ 5º e 6º do art. 1º. Como disse o nobre Deputado Ronaldo Caiado, como incluí o §2º , há necessidade dessa correção.
O SR. PRESIDENTE (João Paulo Cunha) – Está certo.
Deputado Josias Gomes, se houver qualquer alteração quanto ao mérito, solicito a V.Exa. que informe ao microfone para que possa ser submetida ao Plenário e encaminhada à Mesa."
2003-05-14T16:44;MEDIDA PROVISÓRIA,  NORMAS , COMERCIALIZAÇÃO, SAFRA, SOJA, PROJETO DE LEI DE CONVERSÃO.;PELA ORDEM;"O SR. JOSIAS GOMES (PT-BA. Sem revisão do orador.) – Sr. Presidente, fizemos um acordo, negociamos bastante, mas essa questão abordada agora não foi objeto de nosso acordo na parte da manhã. 
Reconheço que a questão citada agora não fez parte do processo que negociamos. Invoco o testemunho de quem partilhou comigo da construção do consenso."
2003-05-14T16:44;"MEDIDA PROVISÓRIA,  NORMAS , COMERCIALIZAÇÃO, SAFRA, SOJA, PROJETO DE LEI DE CONVERSÃO. 
PROJETO DE LEI DE CONVERSÃO, ALTERAÇÃO.";PARECER;"O SR. JOSIAS GOMES (PT-BA. Para emitir parecer. Sem revisão do orador.) - Sr. Presidente, Sras. e Srs. Deputados, sempre pugnamos pelo diálogo, que produz efeitos muito positivos quando as partes envolvidas estão realmente interessadas em chegar a um consenso, como no caso da Medida Provisória nº 113. 
Considero esta uma das mais importantes medidas do nosso Governo para a comercialização da safra 2003. Farei rápida leitura do que pudemos produzir em torno da proposição, expressando uma complementação de voto, em função do acordo firmado. Tenho certeza de que o parecer atende, se não à unanimidade desta Casa, à esmagadora maioria dos Srs. Deputados, sem prejuízo do debate de mérito que faremos sobre os organismos geneticamente modificados.
	Durante a manhã, procedemos à análise das diversas sugestões apresentadas ao longo dos debates, com o esclarecimento das emendas, e optamos por promover as seguintes modificações:
	1 – abrir a possibilidade de que o prazo de 31 de janeiro de 2004, limite para a comercialização da safra, possa ser prorrogado por até sessenta dias, a critério do Poder Executivo, se as condições de comercialização assim o indicarem;
	2 - reduzir a exigência de rotulagem, tornando-a obrigatória para os produtos que contiverem acima de 1% de organismos geneticamente modificados, o que se coaduna com a recente norma federal; 
3 - alterar o art. 4º, retirando a expressão final ""devendo esta certificação constar da rotulagem correspondente"", por desnecessária; 
4 - incluir entre as disposições legais a serem observadas para a próxima safra o Código de Defesa do Consumidor;
5 - incluir no art. 6º, entre as vedações estabelecidas às instituições financeiras, o financiamento do processamento e da comercialização de cultivares ilegais, o que amplia o leque de medidas de restrição à produção em desacordo com a lei;
6 - excluir da medida provisória o art. 7º,  que veda o acesso ao crédito dos produtores que plantarem cultivares transgênicos, por desnecessário, uma vez que normas do crédito rural já têm o poder de estabelecer tal vedação. 
Com base no exposto, votamos pela aprovação da Medida Provisória nº 113, de 2003, e das Emendas de nºs 1 a 72, na forma do anexo projeto de lei de conversão, que passo a ler:
	""Projeto de Lei de Conversão da Medida Provisória nº 113, de 2003.
Art. 1º. A comercialização da safra de soja de 2003 não estará sujeita às exigências pertinentes da Lei nº 8.974, de 5 de janeiro de 1995, com as alterações da Medida Provisória nº 2.191-9, de 23 de agosto de 2001.
§ 1º. A comercialização de que trata este artigo só poderá ser efetivada até 31 de janeiro de 2001, inclusive devendo o estoque existente após aquela data ser destruído mediante incineração, com completa limpeza dos espaços de armazenagem, para recebimento da safra de 2004.
	§ 2º. O prazo de comercialização de que trata o § 1º poderá ser prorrogado por até sessenta dias, por decreto do Poder Executivo.
	§ 3º. A soja mencionada no caput deverá ser obrigatoriamente comercializada como grão ou sob outra forma que destrua as suas propriedades produtivas, sendo vedada a sua utilização ou comercialização como semente.
	§ 4º. O Poder Executivo poderá adotar medidas de estímulo à exportação de parcela da safra de soja de 2003 originalmente destinada à comercialização no mercado interno, ou cuja destinação a essa finalidade esteja prevista em instrumentos de promessa de compra e venda firmados até a data da publicação da Medida Provisória nº 113, de 27 de março de 2003.
	§ 5º. O disposto nos §§ 1º e 2º não se aplica à soja cujos produtores ou fornecedores tenham obtido a certificação de que trata o art. 4º desta lei. 
	§ 6º. O Ministro de Estado da Agricultura, Pecuária e Abastecimento, mediante portaria, poderá excluir do regime desta lei a safra de soja do ano de 2003 produzida em regiões nas quais comprovadamente não se verificou a presença de organismo geneticamente modificado.
	Art. 2º. Na comercialização da soja de que trata o art. 1º, bem como dos produtos ou ingredientes dela derivados, deverá constar, em rótulo adequado, informação aos consumidores a respeito de sua origem e da possibilidade da presença de organismo geneticamente modificado, excetuando-se as hipóteses previstas nos §§ 4º e 5º do art. 1º.
	§ 1º. Para o produto destinado ao consumo humano ou animal, a rotulagem referida no caput será exigida quando a presença de organismo geneticamente modificado for superior ao limite de 1%. 
	§2º. O descumprimento do disposto no caput sujeitará o infrator à multa estabelecida no art. 12 da Lei nº 8.974, de 1995.
	Art. 3º. Os produtores que não puderem obter a certificação de que trata o art. 4º desta Lei deverão manter, para efeito de fiscalização, pelo prazo de cinco anos, as notas fiscais ou comprovantes de compra de sementes fiscalizadas ou certificadas pelo Ministério da Agricultura, Pecuária e Abastecimento empregadas no plantio da safra de 2004.
	Art. 4º. Os produtores e fornecedores de soja da safra de 2003 poderão obter certificação de que se trata de produto sem a presença de organismo geneticamente modificado, expedido por entidade credenciada ou que vier a ser credenciada, em caráter provisório ou por prazo certo, pelo Ministério da Agricultura, Pecuária e Abastecimento.
	Parágrafo Único. Somente será concedido o certificado referido no caput se não for encontrada na soja analisada a presença, em qualquer quantidade, de organismo geneticamente modificado.
	Art. 5º. Para o plantio da safra de soja de 2004 e posteriores, deverão ser observados os termos da legislação vigente, especialmente as Leis nºs 8.974, de 1995, e 8.078, de 11 de setembro de 1990, e demais instrumentos legais pertinentes. 
	Art. 6º. É vedada às instituições financeiras oficiais de crédito aplicar recursos no financiamento da produção, plantio, processamento e comercialização de variedades de soja obtidas em desacordo com a legislação em vigor.
	Art. 7º. Sem prejuízo de outras cominações civis, penais e administrativas previstas em lei, o descumprimento da presente lei sujeitará o infrator à multa a ser aplicada pelo Ministério da Agricultura, Pecuária e Abastecimento, em valor de R$16.110,00, fixada proporcionalmente à lesividade da conduta.
	 Parágrafo único. Em caso de descumprimento da presente Lei, o infrator ressarcirá a União, ainda, de todas as despesas com a inutilização do produto, quando necessária. 
Art. 8º. Esta lei entra em vigor na data da sua publicação.""
	Sr. Presidente, era o que eu tinha de apresentar quanto ao acordo."
2003-05-20T17:18;"DENÚNCIA, CORRUPÇÃO, DESVIO, RECURSOS PÚBLICOS, PREFEITURA, MUNICÍPIO, BA, CRÍTICA.
SENADOR, DIFAMAÇÃO, PARTIDO POLÍTICO, PT, BA, CRÍTICA.";PELA ORDEM;"O SR. JOSIAS GOMES (PT-BA. Pela ordem. Sem revisão do orador.) – Sr. Presidente, Sras. e Srs. Deputados, ocupo esta tribuna para, em nome do Partido dos Trabalhadores da Bahia, prestar solidariedade ao grande Prefeito da cidade de Itabuna, companheiro de partido, que hoje, em matéria publicada no jornal do Sr. Antonio Carlos Magalhães, foi injustamente acusado do desvio de 7 milhões de reais da área da saúde do Município.
Sr. Presidente, este é o procedimento dos carlistas na Bahia: usar de seus meios de comunicação para atacar o Partido dos Trabalhadores e nossas sete administrações. Hoje, a do companheiro Geraldo Simões; ontem, a do companheiro Guilherme.
Devo informar à Casa que o convênio objeto da denúncia foi firmado pela Prefeitura com o respaldo do Ministério da Saúde e se destina à contratação de pessoal para a área da saúde — médicos, enfermeiros e agentes comunitários. São cerca de 800 pessoas que atuam em programas como o Saúde da Família, o Agentes Comunitários de Saúde e o Programa de Combate à Dengue.
A Associação Itabunense de Apoio à Saúde — AIAS é uma entidade sem fins lucrativos, formada por representantes da sociedade civil, instituições, sindicatos e igrejas. Não se trata, portanto, de empresa privada. 
	Recentemente, a AIAS passou por inspeção do Ministério do Trabalho e foi constatado que ela atuava estritamente dentro da lei, garantindo os direitos trabalhistas do pessoal contratado.
	Todos os repasses feitos pela Prefeitura de Itabuna à Associação Itabunense de Apoio à Saúde podem ser comprovados. Não há nenhum tipo de desvio de recursos.
	Com a transparência com que vem marcando aquela Administração Municipal, o Prefeito Geraldo Simões solicitou hoje ao Ministério da Saúde auditoria na AIAS, para que seja explicitada a legalidade do convênio entre a Prefeitura e a entidade.
É de se estranhar a forma como a ação civil foi tornada pública pelo Ministério Público da Bahia, uma vez que a Prefeitura sequer foi citada na demanda, e cópias da referida ação já se encontravam em poder de órgãos de imprensa. Esse material foi utilizado com o claro objetivo político de associar Prefeituras administradas pelo Partido dos Trabalhadores a cidades investigadas pela Corregedoria-Geral da União, numa evidente tentativa de manipulação da opinião pública.
O Prefeito Geraldo Simões continuará norteando sua Administração pela correta aplicação dos recursos públicos em áreas que beneficiem a população, entre elas a de saúde.
	Não serão acusações levianas e infundadas, baseadas na mesquinha perseguição política e em medidas equivocadas de integrantes do Ministério Público, que afetarão os rumos de administrações que seguem as diretrizes do Partido dos Trabalhadores e têm na rigorosa e transparente gestão dos recursos públicos uma de suas principais vertentes. 
	Sr. Presidente, deixo registrado meu repúdio ao Governo do Estado da Bahia, que não cessa de utilizar seus meios de comunicação como instrumento equivocado de disputa política. O carlismo deveria parabenizar o Governo Federal pela diminuição da corrupção na Bahia. O Sr. Antonio Carlos Magalhães, porém, escudado em sua pseudo-superioridade no Estado, tenta enlamear as administrações do PT. Nós, membros do Partido dos Trabalhadores, não agimos assim. Não temos nenhuma necessidade de transformar ação mesquinha em ação política verdadeira.
	Portanto, Sr. Presidente, manifesto nossa solidariedade ao companheiro petista Geraldo Simões.
	Muito obrigado."
2003-06-03T16:26;"ATIVIDADE POLÍTICA , CORONELISMO , ANTÔNIO CARLOS MAGALHÃES , CRÍTICA.
ATUAÇÃO , TRIBUNAL DE CONTAS , MUNICÍPIOS , BA , CRÍTICA.
DENÚNCIA , CORRUPÇÃO , IRREGULARIDADE , ADMINISTRAÇÃO MUNICIPAL , PREFEITURA MUNICIPAL , MUNICÍPIO , PORTO SEGURO , BA.
DEFESA , PROPOSTA , EMENDA CONSTITUCIONAL , EXTINÇÃO , TRIBUNAL DE CONTAS , CONSELHO DE CONTAS DOS MUNICÍPIOS.";PELA ORDEM;"O SR. JOSIAS GOMES (PT-BA. Pela ordem. Pronuncia o seguinte discurso.) - Sr. Presidente, Sras. e Srs. Deputados, ainda ontem, no final da tarde, um grupo de Parlamentares e Prefeitos do Partido dos Trabalhadores reuniu-se com o Presidente do Tribunal de Justiça da Bahia, o Desembargador Carlos Alberto Dultra Cintra. O tema de nossa conversa foi a farsa que vem sendo urdida para criar uma nuvem de fumaça e confundir a opinião pública acerca das graves denúncias de improbidade pública na administração de Municípios como Porto Seguro e outros tantos.
	O grupo da remanescente oligarquia do coronelismo nordestino — que tem os seus dias contados, como já referi, desta tribuna, em outras oportunidades — tem usado de seus expedientes escusos, como sempre fez.
	Ocorre, Sr. Presidente, que a realidade é outra. A vontade do coronel não encontra a acolhida de outrora. O Poder Judiciário e o Ministério Público na Bahia já respiram ares de liberdade, indispensável à soberania das instituições.
	Ainda assim, o conhecido coronel baiano quer fazer das suas. Utilizando-se de seu jornal e da sua emissora de TV, tratou de plantar notícias de falsas denúncias contra as administrações petistas. Para esquentar tais notícias, lança mão de pareceres do desgastado, degenerado e desacreditado Tribunal de Contas dos Municípios da Bahia.
	Os Tribunais de Contas dos Municípios, salvo exceções, mais sujeitos às pressões locais,  tendem a se esquecer da análise técnica e criteriosa em face de escusos acertos políticos. Foi assim que se criou uma figura injustificável, do ponto de vista jurídico, e, principalmente, sob o prisma ético, que é a malfadada ""aprovação de contas com ressalvas"". As tais ressalvas, na maioria das vezes, abrigam graves irregularidades, que na verdade deveriam inviabilizar a aprovação das contas sob análise.
	O caso de Porto Seguro é bem exemplar da absoluta falência do TCM baiano. O Município de Porto Seguro, cujas denúncias motivaram auditoria especial da Controladoria-Geral da União e onde as estimativas preliminares apontam desvios na ordem de 100 milhões de reais, tinha suas contas aprovadas ano após ano pelo TCM da Bahia. Evidente que essas aprovações de contas do Município têm ligação direta e promíscua com o carlismo.
	Em contraposição, as Prefeituras petistas sofrem verdadeiras perseguições do Tribunal de Contas dos Municípios. Sempre com repercussão exagerada, por parte da mídia ligada ao coronel.
	Os Tribunais e Conselhos de Contas dos Municípios já há muito dão mostras de sua exaustão. Foi, a meu ver, um equívoco do legislador constituinte não ter extinguido, na oportunidade, esses tribunais, que, além de não prestarem o serviço condizente com suas responsabilidades constitucionais, consomem elevados recursos do Erário e estão, como é exemplar no caso baiano, extremamente sujeitos a decidir politicamente, muito distantes da função de assessoramento técnico aos Legislativos para que foram criados.
	Tramita na Câmara dos Deputados a Emenda Constitucional n° 19, de 1999, de autoria da Deputada Luiza Erundina, justamente para extinguir os Tribunais e Conselhos de Contas dos Municípios. 
Quero, desta tribuna, manifestar o meu apoio à PEC n° 19 e a minha disposição de conferir-lhe tramitação mais célere.
	Sr. Presidente, requeiro a divulgação do meu pronunciamento nos órgãos de comunicação da Casa e no programa A Voz do Brasil.
Este o registro que gostaria de fazer.
	Muito obrigado."
2003-06-10T15:04;CORRUPÇÃO, FRAUDE, DESVIO, RECURSOS PÚBLICOS, ADMINISTRAÇÃO MUNICIPAL, MUNICÍPIO, PAU BRASIL, BA.;PEQUENO EXPEDIENTE;"O SR. JOSIAS GOMES (PT-BA. Pronuncia o seguinte discurso.) - Sr. Presidente, Sras. e Srs. Deputados, venho a esta tribuna informar à Casa e ao País acerca das graves irregularidades que vêm sendo praticadas na Administração do Prefeito José Augusto dos Santos Filho, no Município de Pau Brasil, no sul da Bahia.
E infelizmente não se trata de fato isolado no Estado da Bahia. O grupo ligado ao carlismo detém a grande maioria das Prefeituras do interior baiano, especialmente aquelas de Municípios mais carentes e pouco desenvolvidos, como Pau Brasil. 
Além de desviar recursos destinados pelo FUNDEF para a capacitação de docentes leigos e o pagamento dos salários de professores, o Prefeito chegou ao cúmulo da desfaçatez de emitir cheques sem fundos de diversas contas bancárias da Prefeitura Municipal.
O despautério é tanto, Sr. Presidente, Sras. e Srs. Deputados, que o Prefeito José Augusto dos Santos Filho, o ""Zé de Dezinho"" registrou em cartório a improbidade administrativa. Em contrato assinado e registrado em cartório e na presença de testemunhas, o Prefeito confessa dívida com conhecido agiota da cidade e se compromete a pagá-la em prestações mensais, com recursos do Fundo de Participação dos Municípios. É um verdadeiro escândalo, que só não assume proporções maiores por se tratar de Município pequeno e de pouca projeção.
A conivência dos órgãos fiscalizadores e a rede de influências do grupo, até então, sempre garantiram a impunidade de seus apaniguados e acabaram por criar a cultura de que, ao cidadão, nada restaria a fazer, não adiantaria denunciar, sequer irresignar-se.
Todavia, o Brasil está mudando, e a Bahia dá mostras de que acompanha essa mudança. O Tribunal de Justiça e a Procuradoria-Geral do Estado, presididos, respectivamente, pelo Desembargador Carlos Alberto Dultra Cintra e pelo Promotor de Justiça Achiles Siquara, já respiram ares de independência e da devida autonomia institucional.
O Tribunal de Contas dos Municípios da Bahia, que ainda acumula o ranço do atraso, da conivência e da incompetência — haja vista o caso de Porto Seguro, um dos maiores escândalos de corrupção do Estado e que ainda não foi detectado pelo órgão —, diante de tão desabridas fraudes, não teve outra posição que não a de rejeitar as contas do Município.
Felizmente, na esfera federal, a história é outra. A Controladoria-Geral da União, com o ilustre baiano Waldir Pires à frente, em contraste com a gestão anterior, funciona efetivamente e surpreende por sua atuação ágil, ainda que não disponha dos meios e recursos ideais. Assim, além do programa de fiscalização por sorteio, as forças-tarefas realizadas na Bahia já começam a despertar o cidadão para a necessidade de participar, de denunciar e de efetivamente cobrar dos administradores municipais a boa utilização dos recursos públicos.
Em razão do exposto, protocolei nesta data, na Controladoria-Geral da União, a denúncia dos fatos a que me referi por alto desta tribuna, na certeza de que haverá o encaminhamento devido.
Concluo esta manifestação, Sr. Presidente, solicitando a V.Exa. sua divulgação no programa A Voz do Brasil e nos demais órgãos de comunicação da Câmara dos Deputados.
Muito obrigado."
2003-06-26T17:14;GOVERNO FEDERAL, PLANO NACIONAL, INCENTIVO, AGRICULTURA, PROPRIEDADE FAMILIAR, PRONAF, SEGURO AGRÁRIO, ASSISTÊNCIA TÉCNICA, EXTENSÃO RURAL, MINISTÉRIO DO DESENVOLVIMENTO AGRÁRIO, ALCANCE, NATUREZA SOCIAL, COMBATE, FOME, CRIAÇÃO, EMPREGO, FIXAÇÃO, AGRICULTOR, ZONA RURAL, APOIO.;PELA ORDEM;"O SR. JOSIAS GOMES (PT-BA. Pela ordem. Sem revisão do orador.) - Sr. Presidente, inicialmente cumprimento a Deputada Fátima Bezerra pelo brilhante discurso que fez. Essa luta é também do meu partido. Todos nós temos profundo respeito pelos homossexuais e transexuais do Brasil. A fala de V.Exa. foi muito eloqüente na abordagem de tema tão importante.
Sr. Presidente, Sras. e Srs. Deputados, o Presidente Luiz Inácio Lula da Silva, na última terça-feira, dia 24 de junho, lançou o Plano Safra para a Agricultura Familiar 2003/2004, iniciativa decisiva em favor do crescimento sustentável e da agricultura familiar do País. Sem dúvida, o grande gesto do nosso Presidente representa um marco para o setor. Sabemos da sua importância e estamos certos de que com ele alavancaremos a agricultura familiar brasileira, relegada a segundo plano nos Governos passados. 
Tenho orgulho de pertencer a um partido que reergueu a luta pela agricultura familiar. Felizmente, com o lançamento do Plano Safra, temos condições de dizer que o Governo finalmente faz justiça à pequena agricultura brasileira.
O plano, sem dúvida o maior e o mais completo já lançado ou realizado no Brasil, resulta de deliberação do Conselho Nacional de Segurança Alimentar e de amplo debate com os movimentos sociais.
O Governo garantirá a maior oferta de crédito já disponibilizada para o setor: R$5,4 bilhões. Com isso, Sras. e Srs. Parlamentares, o Brasil começa a resgatar uma dívida social histórica com a agricultura familiar. Num país com imenso potencial de terras agricultáveis como o nosso, é absolutamente inaceitável que os Governos até então não tenham priorizado a produção primária oriunda da propriedade familiar.
Os dados da agricultura familiar impressionam: são mais de 4 milhões de estabelecimentos familiares, que correspondem a 84% dos imóveis rurais do País. De cada 10 trabalhadores do campo 8 estão ocupados em atividades familiares rurais. Estima-se que do valor bruto da produção agropecuária - o PIB rural - cerca de 40% sejam resultantes da agricultura familiar.
O conjunto de medidas para o campo elevará de 970 mil para 1,4 milhão o número de contratos do Programa Nacional de Fortalecimento da Agricultura Familiar (PRONAF). A concessão de novos financiamentos e a renegociação das dívidas antigas dos agricultores familiares e assentados da reforma agrária, reivindicação sempre presente em manifestações como o Grito da Terra, são, a partir de agora, determinações e política de governo.
Além do crédito, o Plano Safra para a Agricultura Familiar estabelece mecanismos de garantia de renda e de apoio à comercialização para o produtor, como o Compra Pública de Alimentos pela Companhia Nacional de Abastecimento (CONAB) e o lançamento do Cartão PRONAF, iniciativa moderna e atual que simplificará a vida do agricultor familiar.
Um grave entrave da efetivação dos créditos à agricultura familiar sempre foi a operacionalização das medidas. As agências bancárias repassadoras representam sempre um desafio para o agricultor familiar, fato que muitas vezes o desestimula a buscar os recursos de que tanto necessita. Para estabelecer um elo de ligação direto com o produtor, na cerimônia de lançamento do Plano o Presidente Luiz Inácio Lula da Silva anunciou o número de telefone 0800 787000, para o qual os produtores familiares poderão ligar caso o dinheiro destinado ao financiamento do Plano Safra para a Agricultura Familiar não esteja disponível nos bancos. O Presidente Lula afirmou textualmente que o Governo ""não quer ver sobrar nenhum centavo do dinheiro anunciado para a agricultura familiar"".
As medidas implementadas deverão atingir os objetivos propostos por meio do PRONAF Alimentos, linha especial de crédito destinada a priorizar a produção de arroz, feijão, milho e trigo, que tem ampliação de 50% em relação ao ano anterior.
O Plano contempla aumento de crédito em todas as linhas do PRONAF, especialmente em até 50% para novas linhas, como o PRONAF Mulher, o PRONAF Jovem Rural, o PRONAF Turismo Rural, o PRONAF Agroecologia e o PRONAF Máquinas e Equipamentos.
Destaco ainda, Sr. Presidente, a criação do PRONAF Semi-Árido, destinado à construção de pequenas obras para enfrentamento da seca, que juntamente com o Programa Conviver será capaz de minorar o sofrimento de milhares de famílias do Nordeste brasileiro.
Outro ponto merecedor de ênfase é a assistência técnica. Após tantos anos de abandono, os agricultores familiares brasileiros passam a ter uma política nacional de assistência técnica e de extensão rural. A partir deste mês, o Ministério do Desenvolvimento Agrário passa a ser o responsável pela Política Nacional de Assistência Técnica e Extensão Rural do Governo Federal. Entre as inovações, haverá um sistema descentralizado que deverá gerenciar a aplicação dos recursos.
O apoio decisivo do Governo Federal à agricultura familiar tem enorme alcance social, atuando no combate à fome, na geração de emprego e renda, como na fixação das famílias na zona rural. Os resultados práticos desta política, implementada desde o primeiro ano da gestão do Presidente Lula, certamente alcançarão metas superiores às esperadas, haja vista que não existem precedentes em nossa história de medidas de tal abrangência e envergadura.
Sr. Presidente, por último, também quero parabenizar V.Exa. pela condução dos trabalhos neste dia.
Muito obrigado."
2003-07-15T17:48;HOMENAGEM , MUNICÍPIO , JUAZEIRO , BA.;PELA ORDEM;"O SR. JOSIAS GOMES (PT-BA. Pela ordem. Sem revisão do orador.) - Sr. Presidente, Sras. e Srs. Deputados, hoje Juazeiro, uma das mais prósperas cidades da Bahia, comemora seus 125 anos de existência. Criado em 1833, o Município de Juazeiro, em razão de sua localização à margem direita do Rio São Francisco, demonstra, desde o período colonial, sua vocação como pólo regional de atração e ligação entre o sul e o norte do País.
Já nos idos de 1596 há registros da presença de importantes bandeirantes, como Belchior Dias Moreira, em seu território.
Em 1706, com o objetivo de catequizar os índios da região, chega a Missão São Franciscana, que ergue um convento e uma capela com a imagem da Virgem, a qual conta a lenda fora encontrada por um índio em grotas da região. O local recebeu então o nome de Nossa Senhora das Grotas do Juazeiro.
Sucessivamente o povoado foi elevado à categoria de Vila e, posteriormente, a Comarca. No dia 15 de julho de 1878, por força da Lei nº 1.814, tornou-se, à sombra árvore protetora do sertão, a cidade de Juazeiro, hoje um dos mais importantes núcleos urbanos do interior nordestino.
O Velho Chico, histórica via de acesso e desenvolvimento da região, foi e é determinante para a pujança do Município, que é considerado a Capital da agricultura irrigada.
As comemorações do 125º aniversário da cidade, que se estendem com intensa programação até o final de agosto, Sr. Presidente, bem refletem a clara opção que o povo de Juazeiro fez, ao eleger Prefeito o companheiro Joseph Bandeira.
Os festejos envolvem extensa agenda de espetáculos, shows, seminários, eventos esportivos e inaugurações... muitas inaugurações. A Caminhada Arteducação — evento de arte plural que congrega circo, teatro, dança e música — ainda na última sexta-feira, 11 de julho, abriu as comemorações do aniversário da cidade.
 Sr. Presidente, a natureza dos festejos retrata a escolha da população. Digo isso porque o aniversário de Juazeiro será, neste mês e meio de comemorações, uma verdadeira celebração da democracia e das prioridades de investir em saúde, educação, cultura, no desenvolvimento e na infra-estrutura.
O Prefeito Joseph, Sras. e Srs. Deputados, tem uma maneira interessante de comemorar os 125 anos de Juazeiro, entregando à população 7 escolas reformadas e/ou ampliadas, mais de 40 obras de infra-estrutura urbana, como pavimentação de ruas, 7 obras de saneamento e água potável e 66 unidades habitacionais.
Gostaria, então, Sr. Presidente, de deixar registradas minhas congratulações ao seu povo e ao Prefeito Joseph Bandeira pelo transcurso, hoje, 15 de julho, do aniversário do Município de Juazeiro, na Bahia.
Por fim, solicito que seja dada divulgação à presente manifestação no programa A Voz do Brasil e nos veículos de comunicação desta Casa.
Muito obrigado."
2003-07-16T15:04;POSSE, ALCIDES MODESTO, SUPERINTENDÊNCIA REGIONAL, CODEVASF, CIDADE, JUAZEIRO, HOMENAGEM.;PEQUENO EXPEDIENTE;"O SR. JOSIAS GOMES (PT-BA. Pronuncia o seguinte discurso.) - Sr. Presidente, Sras. e Srs. Deputados, na semana que passou, a CODEVASF deu um importante passo para reencontrar o seu destino. Não me refiro à sua missão de desenvolver o Vale do Rio São Francisco, mas ao seu destino mesmo — o de aproximar do sertanejo e das necessidades do semi-árido a decisão política.
	É isto, Sr. Presidente, que entendo representar a posse de Alcides Modesto na 6a Superintendência Regional da CODEVASF.
	Alcides é uma pessoa extremamente identificada com a região, um profundo conhecedor dos anseios e das necessidades do semi-árido, um agregador, um político experiente — egresso desta mesma Casa, onde foi Deputado por diversos mandatos, Vice-Líder do Partido dos Trabalhadores e Presidente da Comissão de Agricultura e Política Rural.
	Na solenidade, prestigiada pelo Presidente da CODEVASF, Francisco Guedes, e por cerca de mil pessoas, Alcides Modesto assumiu a 6ª Superintendência Regional Juazeiro—Bahia prometendo uma nova política de desenvolvimento para a região.
	A Companhia exerce, Sr. Presidente, Sras. e Srs. Deputados, um papel imprescindível na convivência do nordestino com o semi-árido, não só por meio dos estudos desenvolvidos e da tecnologia levada aos produtores rurais, mas também da assistência e da infra-estrutura indispensáveis ao desenvolvimento regional.
	O rio da integração nacional não renunciará, em que pese aos maus-tratos sofridos, à sua vocação de integrar e de desenvolver, e, para isso, contamos com Alcides, com sua experiência e determinação.
	Gostaria, para finalizar, Sr. Presidente, de deixar registradas as minhas congratulações à Bahia e ao seu povo pela posse de Alcides Modesto e, em especial, ao Presidente da CODEVASF, Sr. Francisco Guedes, pela brilhante escolha.
	Solicito, ainda, que seja dada divulgação ao meu pronunciamento no programa A Voz do Brasil e nos veículos de comunicação desta Casa.
	Muito obrigado."
2003-08-14T14:26;APURAÇÃO, HOMICÍDIO, VIGILANTE, CORONELISMO, PRISÃO ARBITRÁRIA, MUNICÍPIO, PARATINGA, BA.;PEQUENO EXPEDIENTE;"O SR. JOSIAS GOMES (PT-BA. Pronuncia o seguinte discurso.) - Sr. Presidente, Sras. e Srs. Deputados, Paratinga é mais um dos exemplos baianos do absoluto desrespeito aos direitos humanos, da truculência, herança do coronelismo, que tem seus dias contados.
Sr. Presidente, Sras. e Srs. Deputados, venho a esta tribuna manifestar o agradecimento às autoridades federais, meu próprio e dos familiares de Carlos Silva Porto, covardemente morto nas dependências da Delegacia de Paratinga, Estado da Bahia, pelo esforço em desvendar o caso. O assassinato a que me refiro ocorreu no dia 7 de julho último — pasmem as Sras. e os Srs. Deputados — nas dependências da Delegacia de Polícia de Paratinga em circunstâncias, para se dizer o mínimo, extremamente suspeitas.
	O falecido compareceu à Delegacia de Polícia para registrar o furto de equipamentos de informática ocorrido nas dependências do Centro Tecnológico Luis Eduardo Magalhães, onde exercia a função de vigilante. Desde o momento em que entrou na Delegacia de Polícia até o dia 9 de julho, permaneceu inexplicavelmente detido, sem que fossem respeitadas suas garantias constitucionais. À sua família não foi permitido vê-lo e a ele não foi concedido o acompanhamento de advogado para prestar o depoimento.
	Vale lembrar que Carlos entrou na delegacia como denunciante e, em 2 dias, passou a ser acusado e foi sentenciado com execução sumária de morte. Não sem antes sofrer violências e agressões que a família somente constatou no corpo sem vida de Carlos.
	A pronta atuação do Exmo. Sr. Ministro Nilmário Miranda, Secretário Nacional de Direitos Humanos, intervindo junto ao Ministro da Justiça, que, por sua vez, determinou a mobilização das forças da Polícia Federal e da Secretaria Nacional de Segurança Pública na investigação do assassinato e na proteção aos familiares de Carlos Porto e às lideranças que insistem em ver apurado o bárbaro crime, certamente trarão mais luz ao caso. A participação das autoridades federais será determinante, tenho certeza, para garantir um pouco de tranqüilidade e de esperança de justiça aos cidadãos de Paratinga. A esperança é de que cessem as intimidações e que a apuração dos fatos que envolveram a morte de Carlos Silva Porto, aos 30 anos de idade, deixando mulher e filhos, seja feita com isenção.
	Após a morte de Carlos houve uma sucessão de episódios truculentos, que vão desde a exumação do corpo sem consulta ou aviso aos familiares até a ameaças e intimidações a familiares e lideranças comunitárias do Município.
	Mais recentemente, o Delegado da Polícia Civil Flávio Dias, do Município de Lapa, vem insistindo na apresentação de João Evangelista, o padrasto do falecido vigilante, com o intuito de confirmar a forjada e absurda versão do suicídio. A versão por si mesma se desmente. Não seria plausível admitir a existência de tantas escoriações e lesões antecedendo o momento do suicídio.
	A pronta atuação da Secretaria Nacional de Direitos Humanos e do Ministério da Justiça tem, além de atender o caso específico, a força dissuasiva de demonstrar claramente que o Governo de Luiz Inácio Lula da Silva não está disposto a tolerar a truculência e os desmandos ainda comuns na claudicante estrutura coronelista do interior da Bahia.
	Concluo a minha manifestação, Sr. Presidente, requerendo a divulgação deste pronunciamento no Programa A Voz do Brasil e nos demais órgãos de comunicação desta Casa. 
	Muito obrigado."
2003-08-27T11:12;"ATUAÇÃO, CONTROLADORIA-GERAL DA UNIÃO, COMBATE, CORRUPÇÃO, MALVERSAÇÃO, RECURSOS ORÇAMENTÁRIOS, PREFEITURA MUNICIPAL, APOIO.
GRUPO POLÍTICO, ANTÔNIO CARLOS MAGALHÃES, SENADOR, IMPROCEDÊNCIA, DENÚNCIA, IRREGULARIDADE, ADMINISTRAÇÃO MUNICIPAL, PARTIDO POLÍTICO, PT, CRÍTICA.";PELA ORDEM;"O SR. JOSIAS GOMES (PT-BA. Pela ordem. Pronuncia o seguinte discurso.) - Sr. Presidente, Sras. e Srs. Deputados, semana passada, o Ministro do Controle e da Transparência, o baiano Waldir Pires, veio ao Congresso Nacional, atendendo a convite da Comissão de Fiscalização e Controle do Senado Federal.
Com sua exposição cativante, o Ministro Waldir Pires discorreu acerca do trabalho da Controladoria-Geral da União nestes quase 7 meses de Governo Luiz Inácio Lula da Silva e do sucesso e poder de dissuasão da corrupção do programa de fiscalização por sorteios.
Esse, na verdade, Sr. Presidente, é o maior mérito do programa de fiscalizações por sorteio desenvolvido pelo Ministro Waldir Pires. A certeza da absoluta isenção da escolha aleatória do próximo Município a ser sorteado faz com que os Prefeitos procurem andar na linha e evitem a prática de corrupção. Por outro lado, a comunidade, por acreditar que à frente da Controladoria-Geral da União há um homem honesto e probo, da seriedade de Waldir Pires, passa a realimentar o processo, oferecendo denúncias e colaborando nas fiscalizações realizadas nos Municípios.
A credibilidade que Waldir Pires empresta ao órgão responsável pelo controle interno e pelo combate à corrupção tem gerado incrível elevação da demanda para a Controladoria-Geral.
A Bahia, tanto por acreditar na capacidade do Ministro, quanto em face da existência de corrupção em larga escala, é o Estado recordista absoluto em número de denúncias. São 235 denúncias diversas de prática de corrupção em Municípios baianos. Esse número representa 41,8% do total de denúncias apresentadas em todo o País. Enquanto cada Estado, separadamente, registra índices em torno de 10% (no máximo) das denúncias, a Bahia, detém quase metade das 562 denúncias de irregularidades em Municípios apresentadas à Controladoria no primeiro semestre.
O jornal A Tarde, na sua edição do último domingo, dia 24 de agosto, em editorial, apresenta de forma clara o diagnóstico dessa realidade. Faço questão de registrá-lo em sua literalidade:
""(...) a corrupção (na Bahia) medra como erva daninha, sustentada ou tolerada pelo caciquismo oligárquico que, mercê de conjugação do poder econômico com a politicagem rasteira, mantém sob dominação de um mesmo grupo a maioria das prefeituras do Estado"". 
E continua:
""Esta rapinagem em cadeia contrasta chocantemente com os baixos índices de desenvolvimento humano (IDHs) na maioria dos 417 municípios baianos, onde as carências de saneamento básico, alimentação, educação e saúde comprovam que, se prefeitos raspam cofres de prefeituras e, da noite para o dia, transformam-se em possuidores de invejáveis patrimônios, populações dos municípios que governam vivem em meio a condições subumanas.""
Esse é o nefasto quadro da corrupção na Bahia, a herança mais cruel do desagregador e injusto coronelismo.
Algumas pessoas, como os Senadores baianos, preferem jogar uma cortina de fumaça sobre a realidade corrupta de várias cidades do Estado e chegaram a propor que o sorteio fosse direcionado aos partidos e não aos Municípios.
Essa esdrúxula idéia, por um lado, guarda impropriedade técnica: a Controladoria-Geral da União não tem a competência de fiscalizar Municípios, mas tão-somente os recursos da União provenientes de programas federais ou de convênios, que são malversados pelo administrador municipal. Por outro lado, o pretendido enfoque no partido, no caso baiano, traz oculto o objetivo da impunidade ao grupo político responsável pelo maior número de administrações municipais — não ao acaso, o mesmo grupo de onde surge a estranha proposição. 
Assim, para que se tenha uma idéia dos 417 municípios baianos, vale dizer que menos de uma dezena são administrados pelo Partido dos Trabalhadores.
Concluindo, o estranho sistema proposto haveria de renunciar aos componentes da surpresa do sorteio e da isenção na escolha da área fiscalizada e, principalmente, o caráter de dissuasão da corrupção que decorre do temor de ter seu Município sorteado para ser auditado.
Na faina de empanar o trabalho da CGU, o grupo do Senador Antonio Carlos optou por utilizar seu jornal para fazer denúncias contra as Prefeituras administradas pelo Partido dos Trabalhadores. No entanto, até o momento, a Controladoria-Geral não recebeu sequer uma denúncia fundamentada contra a Prefeitura de Itabuna ou qualquer outra administrada pelo PT.
Por sinal, Sr. Presidente, uma das Prefeituras petistas — a de Pintadas — foi sorteada para ser auditada, em breve teremos os resultados. E aproveito a oportunidade para parabenizar aquela Prefeitura, que já comprovou não ter problema algum nos seus contratos com o Governo Federal.
	Parabéns à Prefeita Neuza Cadore e ao nosso partido por ter tomado a acertada decisão de proceder ao combate à corrupção em nosso País. 
Fica, portanto, Sr. Presidente, o registro do brilhante trabalho desempenhado pelo Ministro Waldir Pires e das reais intenções das críticas direcionadas ao programa de fiscalização por sorteios.
Muito obrigado."
2003-08-28T15:18;HOMENAGEM, MUNICÍPIO.;PEQUENO EXPEDIENTE;"O SR. JOSIAS GOMES (PT-BA. Pronuncia o seguinte discurso.) - Sr. Presidente, Sras. e Srs. Deputados, no próximo dia 30 de agosto, Camacan, na Região Cacaueira do Estado da Bahia, estará comemorando 42 anos da fundação do Município.
Camacan vivenciou, tal como toda a região cacaueira, o apogeu e o declínio do chamado fruto de ouro, vitimado pela praga da vassoura-de-bruxa. A crise do cacau levou ao desemprego e ao êxodo dos trabalhadores rurais, em busca de oportunidades em outros Municípios da região ou em outros Estados.
A cidade que herdou o nome da tribo Camacã — da subtribo Mongoió —, da raça dos Pataxós Hã-hã-hãe, não haveria de renunciar a sua linhagem guerreira e, assim, mesmo tendo reduza sua população de aproximadamente 50 mil habitantes para os cerca de 36 mil atuais, Camacan deu a volta por cima, como se diz, popularmente.
O solo fértil, o clima e o relevo favoráveis de Camacan propiciaram a busca de novas alternativas, como o café, especialmente da variedade conillon, o cultivo de cravo-da-índia, a pecuária — bovinocultura leiteira e de corte —, além de um considerável potencial para outras culturas, como o guaraná, seringueiras, mandioca, arroz, feijão e banana.
Além do potencial que se descortina para a busca de alternativas econômicas, a região, especialmente por estudos da CEPLAC/UESC, vem desenvolvendo variedades de cacau resistente à vassoura-de-bruxa. A clonagem do cacau, em Camacan, vem apresentando bons resultados.
Tenho confiança em que Camacan, em breve, apresentará para a Bahia e para o Brasil a saída definitiva para a crise do cacau.
Este pronunciamento então, Sr. Presidente, Sras. e Srs. Deputados, é para parabenizar Camacan pelos seus 42 anos de existência como Município e também para saudar seu povo pela pujança, pela determinação, pela herança aguerrida e pelo futuro promissor.
Por derradeiro, Sr. Presidente, requeiro a divulgação deste discurso pelos veículos de comunicação desta Casa e pelo programa A Voz do Brasil.
Muito obrigado."
2003-09-17T15:28;HOMENAGEM, ANIVERSÁRIO, EMANCIPAÇÃO POLÍTICA, BUERAREMA, MUNICÍPIO, BA.;BREVES COMUNICAÇÕES;"O SR. JOSIAS GOMES (PT-BA. Pronuncia o seguinte discurso.) - Sr. Presidente, Sras. e Srs. Deputados, a cidade de Buerarema, na região cacaueira da  Bahia, comemora 44 anos de emancipação político-administrativa.
A origem de Buerarema remonta ao início do século passado, por volta de 1910, quando na região em que se situa hoje o Município se formou um incipiente núcleo agrícola, então denominado Macuco. Desde seus primórdios, a vocação do lugar restou inequívoca: as terras férteis e o clima úmido favoreciam enormemente, e ainda favorecem, a produção agrícola e pecuária.
Inicialmente, a dificuldade de acesso — ausência absoluta de estradas — dificultou o desenvolvimento de Macuco, então Distrito do Município de Itabuna, realidade esta que somente começou a se transformar a partir de 1922, com a estrada ligando Pontal ao povoado de Macuco. Em 1943, o Distrito de Macuco passou a chamar-se Buerarema. E, em 17 de setembro de 1959 — há exatos 44 anos —, por força de Lei Estadual, foi criado o Município de Buerarema, desmembrado do território do Município de Itabuna.
Tal como em toda a região, Buerarema tem no cultivo do cacau sua principal atividade econômica, mas destacam-se também a produção de bananas e a pecuária, com fortes rebanhos de muares e bovinos.
Outra atividade merecedora de destaque especial é o plantio de mandioca, que contribui decisivamente para o crescimento econômico do Município, reconhecido em todo o Estado como produtor de uma das melhores farinhas de mandioca de todo o Nordeste. A farinha de Buerarema, Sr. Presidente, além de notabilizar o nome do Município, possibilita sustento e progresso social a dezenas de famílias que dependem diretamente da atividade.
Saúdo, pois, neste dia o povo de Buerarema, pelo transcurso de seus 44 anos de emancipação, desejando que o progresso econômico experimentado nesses anos que se seguiram à criação do Município continue e se reproduza nos tempos que virão.
Muito obrigado."
2003-09-30T17:32;JULGAMENTO, CRIMINOSO, BA, HOMICÍDIO, JORNALISTA, CONDENAÇÃO, APOIO.;PELA ORDEM;"O SR. JOSIAS GOMES (PT-BA. Pela ordem. Pronuncia o seguinte discurso.) – Sr. Presidente, Sras. e Srs. Deputados, esta semana, acontecerão, na minha cidade, 2 julgamentos importantes, em que o povo de Itabuna terá oportunidade de demonstrar à Bahia e ao Brasil que os tempos, efetivamente, são outros. Basta de impunidade, de autoridades coniventes, de autoritarismo; fora com as práticas do coronel — senhor de vida e morte.
Tenho esperança e confiança que Itabuna, representada no Conselho de Sentença do Tribunal do Júri, possa demonstrar a todos nós essa nova realidade baiana.
Os julgamentos a que me refiro, Sr. Presidente, estão designados para ocorrer amanhã e sexta-feira (dias 25 e 26 de setembro) e tratam da penalização dos indiciados pela morte do jornalista Manoel Leal de Oliveira.
Manoel Leal era um jornalista combativo, compromissado com a verdade, que entende a profissão como um sacerdócio e uma missão. Manoel era editor-chefe e proprietário do A Região — jornal semanal de Itabuna — e foi covardemente assassinado em 14 de janeiro de 1998.
O assassinato do jornalista não é, para infelicidade do povo baiano, uma exceção, um fato extraordinário. Entre os anos de 1991 e 1998 ocorreram 10 assassinatos de jornalistas no Estado. Todos ainda permanecem impunes.
O décimo nome dessa lista macabra é justamente o de Manoel Leal de Oliveira. É justamente a partir desse caso que espero e confio possa começar a mudar a triste rotina da impunidade e da acobertação de crimes, até então vigentes na Bahia.
Em dezembro de 1997, o jornalista havia denunciado, em vários artigos, as irregularidades cometidas por Fernando Gomes, então Prefeito de Itabuna. As denúncias eram fundadas em documentos do Tribunal de Contas dos Municípios e envolviam o uso de notas frias e superfaturamento.
Manoel demonstrou, em matérias publicadas no jornal A Região, que o Delegado Gilson Prata teria recebido dinheiro do Prefeito, justamente quando havia sido encarregado pelo Secretário de Segurança Pública da Bahia de investigar suposta fraude relacionada ao ex-Prefeito Geraldo Simões, principal adversário político do Prefeito.
O jornal de Manoel, divulgou, em dezembro de 1997, que, durante as investigações, o Delegado Gilson Prata recebera cerca de R$4.500 do Prefeito, a título de ""ajuda de custo"", além de outras facilidades.
Um grupo de agentes da Polícia Federal de Ilhéus, logo após o covarde assassinato, por desacreditar nos caminhos convencionais, iniciou investigação informal, cujo resultado foi enviado diretamente ao então Ministro da Justiça Íris Rezende. O Ministro, na oportunidade, apresentou à imprensa o relatório que indiciava como autores do homicídio o policial Mozart da Costa Brasil, o pistoleiro Marcone Sarmento e o informante da Polícia Civil Roque de Souza.
Este relatório informal, elaborado por policiais federais de Ilhéus, não consta dos autos do julgamento dos homicidas, e o processo que leva a julgamento 2 dos indiciados pela morte de Manoel Leal de Oliveira é confuso e incompleto.
Hoje manifestei, em correspondência enviada a seu gabinete, estas e outras preocupações ao Sr. Ministro da Justiça, Márcio Thomaz Bastos, solicitando que envie observador para assegurar que o julgamento transcorra na mais absoluta normalidade, inaugurando, assim, um novo tempo na Bahia, um tempo de Justiça e de adeus à impunidade.
Muito obrigado."
2003-09-30T17:46;PRORROGAÇÃO, PRAZO, RENEGOCIAÇÃO, DÍVIDA, PRODUTOR RURAL, LAVOURA, CACAU, APOIO.;PELA ORDEM;"O SR. JOSIAS GOMES (PT-BA. Pela ordem. Pronuncia o seguinte discurso.) -  Sr. Presidente, Sras. e Srs. Deputados, no dia de hoje esgota-se o prazo  concedido aos agentes financeiros para as negociações do PESA - Programa Especial de Saneamento de Ativos, no âmbito do Programa de Recuperação da Lavoura Cacaueira Baiana. Venho a esta tribuna reforçar o pedido de milhares de produtores de cacau de meu Estado, a Bahia, no sentido de solicitar a ampliação desse prazo até 31 de julho de 2004. 
Existem ainda, Sr. Presidente, sob exame do Banco do Brasil, cerca de 1.100 propostas de renegociação de dívidas relativas ao PESA. O Banco do Nordeste tem condições de promover a contratação de cerca de 400 novos financiamentos a miniprodutores, com recursos do Fundo de Desenvolvimento do Nordeste. E tais recursos não foram liberados por falta de tempo hábil, uma vez que o prazo para a renegociação das dívidas esgota-se hoje.
Isso é uma grande injustiça, Sr. Presidente. É por essa razão que peço ao Presidente Lula, ao Ministro José Dirceu, ao Ministro Palocci e especialmente ao Ministro Roberto Rodrigues, da Agricultura, Pecuária e Abastecimento, que atentem para este grave problema.
Há de se considerar que a lavoura cacaueira apresenta um dos maiores índices de empregabilidade na agricultura brasileira. Não se pode esquecer também que o cacau, no Brasil, é plantado, principalmente nos Estados da Bahia, do Espírito Santo, de Rondônia, de Mato Grosso, do Pará e do Amazonas, geralmente na Mata Atlântica e na floresta amazônica, constituindo-se, assim, em cultura de relevante importância para a preservação ambiental.
Por outro lado, a tecnologia desenvolvida pela CEPLAC, de clonagem de mudas de cacau, está prestes a espantar de vez o fantasma da vassoura-de-bruxa de nossos cacaueiros e fazer com que o Brasil volte à condição de um dos maiores exportadores mundiais de cacau e deixe a situação, para nós vexatória, de ser importador de cacau.
Concluo, Sr. Presidente, conclamando a todos os pares que se unam nesta luta pela manutenção das operações contratadas, alusivas à primeira e segunda etapas, em prazo de espera, até 31 de julho do próximo ano, e para que o Governo permita que os mutuários, que ainda estão com propostas tramitando nos bancos, possam aderir ao PESA.
Nesse compasso, será determinante também que o saldo dos recursos para novas contratações, referentes à quarta etapa, possa ser utilizado até 31 de julho de 2004, considerando, principalmente, que o Banco do Brasil e o Banco do Nordeste possuem recursos para tanto.
Concluo minha manifestação, Sr. Presidente, solicitando que meu pronunciamento seja divulgado no programa A Voz do Brasil e nos demais órgãos de comunicação da Casa.
Muito obrigado."
2003-10-21T15:44;"PRECARIEDADE, DEBATE, AUTORIZAÇÃO, CULTIVO, COMERCIALIZAÇÃO, SOJA, ALTERAÇÃO, PADRÃO GENÉTICO, CRÍTICA.
BIOTECNOLOGIA, ALTERAÇÃO, PADRÃO GENÉTICO, ALIMENTOS, REDUÇÃO, FOME, AGRICULTURA, PRODUTIVIDADE, MELHORIA, QUALIDADE, CNTBIO, EMBRAPA, COMPETÊNCIA, PESQUISA CIENTÍFICA E TECNOLÓGICA.";GRANDE EXPEDIENTE;"O SR. JOSIAS GOMES (PT-BA. Pronuncia o seguinte discurso.) - Sr. Presidente, Sras. e Srs. Deputados, o tema a que hoje me dedico tem ocupado a mídia e gerado acaloradas discussões. Não tenho, em absoluto, a pretensão de esgotá-lo, o que seria algo insano de minha parte. Desejo, sim, trazer algumas reflexões desapaixonadas para a discussão, contribuindo com algumas impressões que tenho recolhido em conversas, em viagens e, sobretudo, com a minha experiência de formação em engenharia agrônoma e de minha vivência pessoal, que, se não me asseguram a isenção da ciência, permitem-me uma abordagem desapaixonada.
Este entendo ser, Sr. Presidente, o cerne da questão dos organismos geneticamente modificados, ou dos transgênicos — como preferiu apelidar grande parte da mídia. 
A propósito, o ex-Senador e hoje Deputado Federal Roberto Freire (que tanto engrandece esta Casa e Pernambuco, meu Estado de origem) disse em recente entrevista concedida a emissora de rádio que a discussão acerca da biotecnologia no Brasil transformou-se em verdadeira ""briga de torcidas"". Concordo com o Deputado. A discussão, que haveria de se pautar pela técnica, pelo cientificismo e, mais que isso, pela seriedade e pela preocupação altruística de esclarecer e instruir as pessoas, assumiu caráter apaixonado e estéril, que em nada contribui para o necessário estabelecimento de um marco regulatório que, a um só tempo, possibilite conjugar o inexorável avanço da técnica com adequados níveis de segurança alimentar e preservação do meio ambiente.
	Nossa tarefa, como representantes do povo, não é outra senão buscar o esclarecimento, sem preconceitos, sem idéias preconcebidas e sem radicalismos, e, a partir do conhecimento, refletir, para somente aí tomar posicionamentos e contemplá-los na lei.
	A meu ver, é, para dizer o mínimo, patética a tentativa de obstruir o curso normal da evolução científica, especialmente quando se trata de perseguir alternativas para a produção de alimentos que possibilitem a superação de uma realidade extremamente perversa: ainda hoje, quando nos recolhermos para descansar, após mais um dia de trabalho, poderemos refletir em que um oitavo da população do planeta — nossos semelhantes — estará tentando ou foi dormir ainda sem haver, durante o dia, ingerido alimentos suficientes para sobreviver.
Às vezes me parece, Sras. Deputadas e Srs. Deputados, que uma boa parte das pessoas não consegue ter a clara dimensão de que um oitavo da população mundial vive problema crônico de desnutrição, carência absoluta de alimentos. É um vasto contingente de pessoas que, a cada dia, vai dormir com fome.
 	Somos, hoje, no mundo, cerca de 6 bilhões de pessoas, e estima-se que dentro de menos de 2 décadas seremos cerca de 8 bilhões, em sua absoluta maioria vivendo nas cidades.
	É importante que se diga, Sr. Presidente, que a melhor postura para questão tão complexa quanto urgente não é a de esconder a cabeça, tal como faz o avestruz diante do perigo e da adversidade. É indispensável que tenhamos preparação para viver as difíceis situações que se aproximam com responsabilidade e seriedade, que tenhamos buscado, a tempo, alternativas à fome endêmica. 
	O tema da produção de alimentos a partir de plantas geneticamente modificadas ou melhoradas não é, em absoluto, uma novidade. O homem, desde os primórdios de sua existência, não se ocupou de outra coisa que não adaptar o seu hábitat às suas necessidades e vontades.
Assim, desde os coletores e catadores pré-históricos, o homem sempre procurou selecionar, dentre os animais e plantas disponíveis, as espécies que lhe fossem mais nutritivas, saborosas ou úteis.
O início da agricultura, que remonta a cerca de 10 mil anos, é justamente a marca da transição do nomadismo para a fixação de moradia. Naturalmente, tornou-se necessário que os alimentos fossem produzidos e os animais criados proximamente à morada.
Assim, desde os primórdios da agricultura, o homem, ao cultivar a terra, aprendeu a selecionar variedades e espécies de plantas surgidas espontaneamente, sempre que elas apresentassem produtividade adicional ou outras vantagens. Na medida da reiteração dessas práticas, foram surgindo novos métodos de selecionar plantas com características genéticas desejáveis e sendo utilizadas de maneira extensiva. 
A reprodução cruzada de diferentes espécies de plantas, acompanhada da seleção de linhagens com características favoráveis, tem, assim, Sras. e Srs. Parlamentares, uma longa história. Esse arcaico processo de seleção envolve intercâmbio de material genético. O DNA contém genes, que, de maneira geral, atuam na produção de proteínas que passam naturalmente de um organismo para outro. Por essa razão, a nova planta, resultante da reprodução cruzada de diversas espécies, contém algumas proteínas diferentes daquelas existentes nas plantas originais. O método clássico de cruzar plantas — transpondo de uma para outra novos genes —, na maioria das vezes, resulta na transferência de genes indesejáveis, juntamente com os genes das características pretendidas para a nova planta, pois o processo não pode ser controlado.
	Ainda ao final do século XVIII, início do século XIX, a partir da Teoria Evolucionista de Charles Darwin e dos primeiros estudos de Mendel, foram fixadas as bases da genética, que consistiriam nos primeiros passos para que, em 1953, Watson e Crick desenvolvessem a nova tecnologia do DNA recombinante, que torna possível selecionar o gene determinado que se deseja transferir para uma planta. Tal processo é extremamente específico e capaz de evitar a inclusão de genes indesejáveis no novo organismo pretendido.
	Com efeito, o rótulo de organismo geneticamente modificado pode ser aplicado às novas espécies de plantas, produzidas a partir da tecnologia do DNA recombinante, mas também, com igual propriedade, a todas as linhagens resultantes da ação das atividades humanas de seleção, inclusive da tradicional e arcaica reprodução cruzada.
	De tal sorte, Sr. Presidente, o arroz, o trigo e o milho, entre outros tantos alimentos, tal como hoje conhecemos, são plantas com características genéticas absolutamente diversas das plantas silvestres que as originaram. Assim, o teosinto — o ancestral silvestre do milho, originário do México e da América Central — lembra remotamente as variedades modernas e híbridas de uma das mais importantes commodities da atualidade.
	O mesmo ocorre com as atuais linhagens de arroz e trigo, a partir da revolução verde — advento posterior à Segunda Grande Guerra Mundial —, quando foram desenvolvidas as variedades anãs das plantas, que elevaram a produtividade das respectivas culturas ao dobro e, em alguns casos, até o triplo.
A respeito da revolução verde, é importante esclarecer que, a despeito da considerável ampliação da produção de alimentos, o modelo de agricultura comercial dela decorrente e ainda vigente já dá mostras inequívocas de seu esgotamento e da incapacidade para o atendimento das necessidades alimentares dos 8 bilhões de habitantes que seremos, no mundo, em 2020. Em 50 anos, o mundo perdeu cerca de um quarto de seu solo arável, o que deve ser conjugado com a perda de um quinto da terra agricultável.
Nesse contexto, é indispensável que sejam desenvolvidos e adotados novos métodos adequados a situações particulares ao redor do planeta. Tal desafio exige um grande aperfeiçoamento no uso dos fertilizantes e outras aplicações químicas na correção dos solos, uma consideração integrada que envolva o controle de pragas, a manutenção de populações de insetos e pássaros e a gestão consciente das reservas renováveis ou não de água doce do mundo. Hoje, utilizam-se predominantemente em agricultura cerca de 55% das reservas renováveis de água doce do mundo.
O desenvolvimento de linhagens de plantas de valor comercial com características aperfeiçoadas de forma a possibilitar o cultivo, consideradas as diversidades biológicas e ambientais, culturais e econômicas, em locais em que hoje não é possível produzir é um desafio de proporções imensas.
As plantas geneticamente modificadas podem ser, nesse contexto, o caminho possível para um componente importante dos esforços feitos para otimizar o uso das terras agrícolas hoje inaproveitadas em face de condições limitantes, como a carência de água, a pobreza de solo e pragas. Para que se possa atingir esses benefícios, é necessário e imprescindível que as vantagens dessa tecnologia, hoje em franca evolução, sejam, quanto antes, explicadas ao público no mundo todo.
	Nos Estados Unidos (segundo documento elaborado pela Pontifícia Academia de Ciência de Roma no ano de 2002), devido à utilização das técnicas, ditas tradicionais, da agricultura, somente naquele país, estima-se que cerca de 85 milhões de pássaros e bilhões de insetos são mortos a cada ano.
	A utilização das plantas geneticamente aperfeiçoadas já acarretou, naquele país, considerável redução no uso de produtos químicos, com grandes e inegáveis benefícios ecológicos.
	A propósito, a grande novidade e a grande polêmica com relação aos produtos originados de modificações genéticas é justamente o surgimento de novo paradigma para a indústria. O paradigma industrial químico tende, ao que a nova realidade indica, a ser, paulatinamente, substituído pelo paradigma biológico. As mudanças de paradigma revestem-se, naturalmente, de polêmicas mais embasadas na resistência às mudanças e no preconceito do que propriamente na novidade e na substância do novo modelo.
	A biotecnologia, ou tecnologia do DNA recombinante, é um novo paradigma em consolidação. Sua tendência é incorporar-se aos mais variados segmentos do setor produtivo: na agricultura, na medicina, na pecuária e na preservação do meio ambiente, como forma de adequar o desenvolvimento industrial às demandas sociais e econômicas da humanidade.
	Para o Brasil, a biotecnologia oferece incontáveis oportunidades, primeiramente em razão da imensa diversidade de animais e plantas existentes no País, que constituem um banco genético insuperável em termos mundiais. Em segundo lugar, a diversidade de climas e de solos, aliada à decantada criatividade brasileira, pode levar a um número infinito de possibilidades de solução para problemas que hoje nos atingem com gravidade.
	A Empresa Brasileira de Pesquisa Agropecuária — EMBRAPA possui adiantado estudo no campo da biotecnologia. E, a propósito, inicia a partir do Governo Lula importante intercâmbio com Cuba, capaz de potencializar os estudos nacionais e tornar mais ágeis as soluções hoje perseguidas.
	Ouço, com prazer, o nobre Deputado Mauro Benevides.
	O Sr. Mauro Benevides - Deputado Josias Gomes, seu discurso é oportuno e de rara atualidade. A temática da transgenia está presente nos debates das Casas Legislativas, dos meios científicos e da mídia. No instante em que V.Exa. se reporta à EMBRAPA, instituição verdadeiramente modelar, permito-me lembrar a V.Exa. que o Governo a autorizou ontem a iniciar estudos para a produção de mamão transgênico, fruta que é hoje um dos principais produtos de exportação do País. Ao lembrar esse fato, saúdo a equipe técnica da EMBRAPA, qualificada e competente para realizar esse importante trabalho.
	O SR. JOSIAS GOMES - Muito obrigado. Incorporo o aparte de V.Exa. ao meu pronunciamento. 
	Entre essas possibilidades e novidades das pesquisas nacionais em biotecnologia há a busca de plantas resistentes ao estresse hídrico e à salinização de solos. A disponibilização de novas tecnologias como essa para os produtores de baixa renda do Brasil pode ser importante caminho na busca de soluções para carências crônicas que preocupam por séculos os governantes nacionais.
Todavia, é indispensável que se proceda à análise, ao estudo e à difusão da nova biotecnologia com absoluto critério. 
Basicamente, os modelos existentes no mundo para controlar os riscos advindos da tecnologia do DNA recombinante resumem-se à regulação do controle da tecnologia desde a produção e ao modelo baseado na análise do produto final. 
O primeiro dos modelos absorve o princípio da precaução, estabelece instrumentos para análise caso a caso de todo o processo, da criação à utilização dos produtos geneticamente modificados. Esse é o sistema adotado por países da União Européia. Já o segundo modelo, adotado pelos Estados Unidos e pelo Canadá, entende como essencial para as análises de risco as características de segurança do produto final. 
	O Brasil, por sua vez, a partir de 1995, com a Lei nº 8.974 e o Decreto nº 1.753, do mesmo ano, adota modelo que subentende a premissa do princípio da precaução, aos moldes da regulação européia. É importante que se diga que a legislação brasileira é considerada uma das mais avançadas do mundo no que tange à matéria de biossegurança, tendo servido de base para a legislação de Cuba, da Colômbia, da Venezuela e do Uruguai e, inclusive, para a Diretiva 220, de 1990, da Europa (que adaptou suas primeiras regulamentações sobre o tema no Velho Continente). 
O legislador brasileiro entendeu por bem regrar a matéria da biossegurança como regulamentação do art. 225 da Constituição Federal, dispositivo que trata do meio ambiente. Assim, nossa legislação de biossegurança integra, no ordenamento jurídico brasileiro, a especificidade da legislação ambiental. 
Ocorre que, a despeito do avanço da legislação brasileira de biossegurança, os vetos impostos pelo Poder Executivo (patrocinados pelo então Presidente Fernando Henrique Cardoso), especificamente aos art. 5º e 6º da Lei nº 8.974, de 1995, mesmo com a disposição do Decreto nº 1.752, de 1995, que regulamenta a lei, acabaram por gerar dúvidas jurídicas acerca da competência legal da Comissão Técnica Nacional de Biossegurança — CTNBio.
Os vetos presidenciais criaram situação peculiar e de suma gravidade, que permite considerar, mesmo contrariamente à estrutura lógica da lei, que o parecer da CTNBio seja meramente consultivo e não conclusivo e vinculante, como pretendeu o legislador. A presente situação gera insegurança, pois não traduz clareza de conceitos, elemento indispensável ao se regular questão tão complexa. E, por outro lado, a dúvida persistente ocasiona o enfraquecimento institucional da própria Comissão, que fica desacreditada.
Tenho confiança de que a proposição acerca da matéria da biossegurança que em breve o Presidente Lula encaminhará a este Congresso Nacional trará a decisão inequívoca de fortalecer a CTNBio, firmando-a como instância multidisciplinar, interministerial e essencialmente científica, com poder de decidir, de forma definitiva, sobre a segurança do produto gerado a partir da tecnologia do DNA recombinante, após análise caso a caso.
Acerca do assunto, é importante verificar que a Associação Nacional de Biossegurança — ANBio propõe a criação de um Conselho Político Consultivo de Biotecnologia, vinculado à Presidência da República e que possa contar com representação da sociedade civil e de diferentes segmentos do setor produtivo, a quem caberia julgar acerca da oportunidade ou não da adoção de determinado organismo geneticamente modificado para fins de comercialização. 
Penso, Srs. e Srs. Deputados, que esta é efetivamente a questão que nos deve preocupar: o fortalecimento de nossa estrutura legal e da comissão técnico-científica encarregada de opinar acerca de cada produto e experimento realizado com a nova biotecnologia.
No Brasil, infelizmente, a discussão desse assunto extremamente complexo deu-se de maneira superficial, e a mídia, que poderia exercer papel pedagógico de esclarecimento, embarcou na dicotômica visão de favoráveis e contrários aos transgênicos. 
Nesse contexto, quando são destinados espaços em jornais, revistas, televisão ou outras mídias para tratar dos organismos geneticamente modificados, via de regra, a questão é abordada de maneira confusa e simplificada. Para o cidadão médio, a biotecnologia passou a ser um instrumento das multinacionais e a soja RR, desenvolvida pelo grupo Monsanto e resistente ao herbicida glifosato, passou a ser sinônimo de organismo geneticamente modificado. A simplificação, nesse caso, é lamentável, sobretudo porque dificulta o entendimento e gera insegurança. 
Foi necessário que o Governo atual regulasse, por medida provisória, uma situação de extrema dificuldade, decorrente não só da cultura do descumprimento, mas também da conflitante legislação vigente, a que me referi há pouco, e em razão da omissão no controle e monitoramento dos Governos anteriores — todos esses elementos potencializados pelo absoluto desaparelhamento estatal, herança da era FHC.
O plantio de soja transgênica no Rio Grande do Sul envolve elementos estruturais que, na maioria das vezes, não são abordados. Segundo dados do IBGE, a grande maioria dos plantadores de soja no Estado, cerca de 95%, tem área de cultivo inferior a 50 hectares. Estamos falando, Sr. Presidente, Sras. e Srs. Deputados, da pequena propriedade explorada geralmente em regime de economia familiar.
A baixa remuneração da produção tipicamente oriunda da propriedade familiar e a ausência de proteção governamental fizeram com que os produtores buscassem alternativas para garantir o sustento da família. A produção da soja transgênica contrabandeada da Argentina e do Paraguai foi uma dessas alternativas.
Não é demasiado lembrar que a soja RR, comercializada pela Monsanto, obteve da CTNBio, em 1998, liberação para o cultivo comercial no Brasil e que sua comercialização regular somente foi obstruída em razão de ação cautelar movida pelo Instituto de Defesa do Consumidor — IDEC. A questão jurídica arrasta-se até hoje, como prova de que é indispensável o ajuste da legislação brasileira sobre biossegurança.
Há registro de depoimentos dos próprios agricultores de que no Estado gaúcho a plantação de soja transgênica iniciou-se a partir da safra 1997/98. Desde então, a situação vem sendo encarada como fato consumado, e o Governo Federal faz vistas grossas.
O Governo Lula, já em março deste ano, editou a Medida Provisória nº 113, da qual fui Relator nesta Casa e que estabeleceu normas para a comercialização da produção de soja da safra de 2003. Aprovada, tornou-se a Lei 10.688, de 2003. A normatização visava instituir mecanismos suficientes para esclarecer os consumidores quanto à presença de OGM na soja a ser comercializada (o que se passou a designar por rotulagem) e reorientar os produtores rurais e demais agentes econômicos quanto à safra de 2004.
Mais recentemente, em 25 de setembro deste ano, foi necessário editar nova medida provisória, a de número 131, em caráter excepcional, para atender à situação específica vivenciada por número expressivo de pequenos produtores que reservaram sementes da safra de soja de 2003 para uso próprio e pretendem realizar o plantio da safra de 2004 mesmo se arriscando a perder toda a produção caso não se alterasse a disposição normativa. A relatoria da proposição cabe ao ilustre e competente companheiro Deputado Paulo Pimenta, que certamente emprestará seu brilhantismo à conclusão proveitosa do trabalho.
Conforme disse, lamentavelmente a discussão no Brasil tem-se limitado à questão da soja RR e sua comercialização. Esse debate tornou-se central, quando nosso País tem muito mais a oferecer no campo da biotecnologia. 
Exemplo dessa excepcional potencialidade são os estudos e as pesquisas realizadas pela EMBRAPA, que hoje já domina todas as etapas do processo tecnológico da modificação genética. Algodão, banana, batata, feijão, mamão e soja são tecnologias já desenvolvidas pela empresa. Há projetos sobre culturas transgênicas de abacaxi, alface, brachiaria, cacau, café, eucaliptus, milho e tomate.
As tecnologias já desenvolvidas e as culturas ainda em projeto buscam o aperfeiçoamento genético, isolando e desenvolvendo genes para criação de anticorpos; a resistência ao estresse hídrico, para enfrentar a carência de água; a ampliação da qualidade nutricional dos alimentos; a resistência a insetos, vírus e fungos; a tolerância a herbicidas; e o desenvolvimento de vacinas.
Gostaria de finalizar minha manifestação nesta tarde afirmando textualmente que sou favorável ao estudo, à pesquisa, à produção e à comercialização de produtos que contenham organismos geneticamente modificados. 
Acredito que o Brasil poderá, dentro de alguns anos, integrar o rol dos países que dominam a tecnologia do aperfeiçoamento genético. Para que isso aconteça, Sr. Presidente, Sras. e Srs. Deputados, é imprescindível sabermos dar nossa cota de participação para que a legislação brasileira — que já é muito boa — seja fortalecida no sentido de reforçar o princípio da precaução, porém afastando de seu texto a obscuridade e a dubiedade, que provocam grandes celeumas jurídicas, capazes de afastar a lei de seu escopo.
Ao concluir minhas palavras, reafirmo a confiança no Governo do Presidente Luiz Inácio Lula da Silva. Com a coragem histórica que tem demonstrado, S.Exa. saberá enfrentar com seriedade e competência mais essa complexa situação, agravada pela herança do descaso irresponsável e travestido do laisse fair que ocupou o Estado brasileiro por 8 anos. 
Muito obrigado."
2003-10-29T15:34;IMPLANTAÇÃO, MINISTÉRIO EXTRAORDINÁRIO DE SEGURANÇA ALIMENTAR E COMBATE À FOME, PROGRAMA FOME ZERO, BA,   PARCERIA, EMPRESA PÚBLICA, EMPRESA PRIVADA, ORGANIZAÇÃO SOCIAL, SOCIEDADE CIVIL, PROGRAMA SOCIAL, PROMOÇÃO, INCLUSÃO SOCIAL.;PELA ORDEM;"O SR. JOSIAS GOMES (PT-BA. Pela ordem. Pronuncia o seguinte discurso.) - Sr. Presidente, Sras. e Srs. Deputados, o Programa Fome Zero é uma realidade cada vez mais presente no Estado da Bahia. Implementado pelo Ministério Extraordinário de Segurança Alimentar e Combate à Fome - MESA, esse importante programa do Governo Lula está permitindo a inclusão social de milhares de famílias baianas que viviam até então à margem de todos os benefícios sociais.
	Apenas com o Cartão Alimentação, uma das suas principais ações emergenciais, o MESA já está atendendo mais de 213,8 mil famílias em 237 Municípios baianos, o que representa um crescimento de 108% em relação ao total de famílias atendidas até setembro último. Em relação ao número de Municípios, o crescimento foi superior a 83,7%, já que até o mês passado eram beneficiadas 129 cidades.
Em decorrência das dificuldades e da carência alimentar nesses Municípios, particularmente nos que estão situados na região do semi-árido, a meta do Ministério é alcançar 400 mil famílias até o final do ano, o que representará um contingente de 2 milhões de pessoas atendidas pelo programa. Atualmente são beneficiadas mais de 1 milhão de pessoas em toda a região semi-árida, num total de 823 Municípios. Além disso, o Ministério vem implementando inúmeras outras ações que favorecem grupos específicos de famílias. É o caso, por exemplo, dos trabalhadores sem-terra que se encontram em acampamentos, onde foram distribuídas 1,1 mil toneladas de alimentos, beneficiando 18.600 famílias. Outras 3,9 mil famílias de 25 comunidades quilombolas também estão sendo atendidas por ações emergenciais de distribuição de alimentos. 
Também estão previstas ações estruturantes voltadas para essas comunidades, conforme convênio assinado com a Fundação Palmares. Ainda na Bahia foram atendidas 600 famílias da etnia tupinambá, com a distribuição de 14,1 toneladas de alimentos. 
Paralelamente, o Ministério vem implementando naquele Estado o Programa de Aquisição de Alimentos da Agricultura Familiar. Nessa ação, por intermédio da Companhia Nacional de Abastecimento - CONAB, o MESA compra o excedente da safra de grãos dos agricultores familiares por meio de convênio com as Prefeituras ou mesmo com cooperativas de produtores. Os produtos adquiridos podem ser utilizados na merenda escolar ou para abastecer creches municipais. Além de assegurar a comercialização da safra a preços justos, o programa amplia a oferta de emprego e renda no Município, estimula o cooperativismo e fortalece a economia local. Até agora já foram adquiridas 101 toneladas de milho, beneficiando 28 produtores baianos. A CONAB pagou R$ 19,02 por saca, valor 81% superior ao preço mínimo vigente na região, que é de R$ 10,50.
O MESA vem dispensando especial atenção ao Programa da Merenda Escolar, ampliando o valor dos recursos destinados à merenda na pré-escola, que beneficia crianças de 4 a 6 anos de idade. Com investimentos superiores a R$ 8,1 milhões, o Ministério conseguiu elevar de R$ 0,06 para R$ 0,13 o valor per capita, beneficiando mais de 312 mil crianças baianas. Outros R$ 2,3 milhões foram liberados para a merenda escolar em 894 creches municipais, beneficiando 51,8 mil crianças de até 3 anos.
Em relação aos bancos de alimentos, o MESA vem mantendo entendimentos com a Associação Baiana de Supermercados e a Prefeitura de Salvador para apoiar programas de alimentação como o Prato Amigo, implementado na Capital baiana. Convênio semelhante deverá ser firmado com a Prefeitura de Juazeiro e com o Serviço Social do Comércio - SESC, que mantém o Programa Mesa Brasil em Salvador.
Outra ação importante apoiada pelo MESA diz respeito ao programa de construção de cisternas nos Municípios localizados no semi-árido. A meta do Ministério é construir 4.591 cisternas em 100 Municípios baianos, em parceria com outras entidades, como a Federação Brasileira de Bancos - FEBRABAN. Das obras financiadas pelo MESA, 325 já foram construídas e 771 estão em fase de conclusão. Para isso, o MESA firmou parceria com o Exército brasileiro para colaborar na distribuição de água por meio de carros-pipa e, ao mesmo tempo, fazer o cadastramento pelo sistema GPS, a fim de indicar os pontos onde é necessária a construção de poços artesianos, cisternas e até pequenas barragens. 
O Ministério vem apoiando ainda o Programa Segundo Tempo, implementado pelo Ministério dos Esportes. Essa parceria permitiu a viabilização de projetos-pilotos em 51 Municípios baianos, atendendo 20 mil crianças em 72 núcleos esportivos. As modalidades praticadas são handebol, futebol, futsal e voleibol, basquete, atletismo, capoeira e dança.
Para reforçar sua atuação, o MESA vem implementando também os chamados Consórcios de Segurança Alimentar e Desenvolvimento Local - CONSAD, que reúnem grupos de Municípios que podem ser beneficiados com ações emergenciais e estruturais. Na Bahia foi formado consórcio na microrregião de Brumado, que compreende os seguintes Municípios: Aracatu, Brumado, Caraíbas, Condeúba, Cordeiros, Guajeru, Ituaçu, Maetinga, Malhada de Pedras, Piripá, Presidente Jânio Quadros, Rio do Antônio, Tanhaçu e Tremendal. Nessas cidades, as famílias também são beneficiadas pelo Cartão Alimentação, entre outras ações.
Para ajudar a viabilizar todas essas ações, o MESA vem ampliando o número de parceiros no Estado. Com a Companhia Hidrelétrica do São Francisco - CHESF, firmou convênio para apoiar financeiramente 2 entidades gestoras de asilos em Salvador e a distribuição de 2 mil refeições diárias para a população carente no entorno da Hidrelétrica de Paulo Afonso. A parceria permite ainda o incentivo à criação de pequenos animais nas áreas vizinhas das linhas de transmissão e a implantação de hortas comunitárias em faixas de linhas de transmissão de Salvador e Camaçari, além do incentivo ao desenvolvimento regional, ao cooperativismo e ao associativismo de produtores dos Municípios próximos à usina de Sobradinho.
O MESA presta ainda apoio à TELEMAR para a realização de cursos de capacitação para jovens, que são atendidos no Centro Educacional Santo Antônio, em Salvador. Uma parceria com o Banco do Brasil também permitiu o desenvolvimento de projeto de apoio à Cooperativa de Produtores de Inhame da Comunidade de Batatan, que conta com 150 associados. O projeto possibilitou a exportação de 11.500 quilos por semana para a França e Inglaterra. 
Com a PETROBRAS foi possível viabilizar o Programa Mova Brasil, voltado para a alfabetização de jovens e adultos. A parceria com a Empresa Baiana de Alimentos - EBAL, ligada ao Governo da Bahia, permitiu viabilizar ações de venda de produtos de qualidade a preços mais baixos. O Projeto Nossa Sopa, que aproveita os produtos excedentes da CEASA/BA e os distribui em forma de sopa, além de incentivo à agricultura familiar, também é uma das ações implementadas pelo MESA.
Um convênio com as universidades baianas permitiu a arrecadação de alimentos para comunidades carentes e a implementação, nessas comunidades, de projetos de desenvolvimento sustentável e de alfabetização de jovens e adultos, além de programas de capacitação de educadores para utilização de metodologia de ensino que incentive o conhecimento crítico, bem como a realização de pesquisa na área de segurança alimentar. A Universidade de Salvador está também implantando um sistema de energia solar em Serra do Ramalho, beneficiando 64 famílias, e desenvolve um projeto de irrigação baseado em energia solar na comunidade de Nazaré, no Município de Araci, beneficiando outras 20. Isso sem falar na manutenção de uma escola de formação de garçons no Pelourinho, em Salvador. 
Ações como essas certamente contribuem para o combate à exclusão social. 
Era o que tinha a dizer."
2003-11-18T17:10;ATUAÇÃO, ROBERTO RODRIGUES, MINISTRO DE ESTADO, MINISTÉRIO DA AGRICULTURA PECUÁRIA E ABASTECIMENTO, INCENTIVO, PESQUISA CIENTÍFICA E TECNOLÓGICA, PRODUTOS, ALTERAÇÃO, PADRÃO GENÉTICO, SEMELHANÇA, PAÍS ESTRANGEIRO, CHINA, APOIO.;PELA ORDEM;"O SR. JOSIAS GOMES (PT-BA. Pela ordem. Pronuncia o seguinte discurso.) - Sr. Presidente, Sras. e Srs. Deputados, ocupo a tribuna para manifestar minha mais irrestrita solidariedade ao Ministro da Agricultura, Roberto Rodrigues. E o faço na condição de militante convicto do PT, absolutamente fiel aos princípios e ao programa do partido, em defesa de um país mais justo e sem fome.
É que nos últimos dias o Ministro vem sofrendo ataques injustificáveis por parte dos que insistem em ideologizar o debate sobre os transgênicos no Brasil. Em vez de optarem pela discussão social, científica e econômica, alguns preferem o caminho do enfrentamento irracional à tese de que o nosso País não pode ficar à margem das pesquisas sobre Organismos Geneticamente Modificados. 
Visitei há pouco dias o fantástico mundo chinês. Pois bem. Aquele povo milenar e que ainda luta pela superação de centenas de anos, submetido à exploração de países mais poderosos, tem experimentado uma revolução no campo. Em meio a essas transformações, a experiência com os transgênicos ocupa lugar importante, principalmente com respeito à soja, produto não somente exportado pela China para vários países do mundo, mas também consumido à larga na sua versão transgênica naquele país. 
Milhares de anos de experiência com a agricultura, em todas as suas formas, serviram de base para as pesquisas científicas levadas a cabo pelos organismos de pesquisa chineses. E, em vez de uma divisão puramente ideológica sobre o assunto, os chineses preferiram o caminho da Ciência. Não insistiram na continuidade do uso de agrotóxicos - este, sim, conforme já cabalmente demonstrado por todos os cientistas do mundo, muito perigoso -, mas preferiram, com o apoio dos cientistas, a utilização das experiências transgênicas. 
Por sua posição favorável à continuidade das pesquisas e pela possibilidade da utilização dos transgênicos no Brasil é que o Ministro Roberto Rodrigues tem sofrido esses ataques. O mesmo Ministro que mostrou ser bastante respeitado internacionalmente, ao ser carinhosamente recebido por autoridades chinesas conhecedoras de suas posições e do seu vasto conhecimento sobre o desenvolvimento da agricultura. Afinal de contas, além de agrônomo, S.Exa. é figura de proa do cooperativismo mundial. 
É triste verificar que as pesquisas e a utilização dos transgênicos no Brasil está dividindo o Governo, quando não deveria. Na verdade, deveria prevalecer a palavra da Ciência. Ao se colocarem contra ela, esses setores acabam, inconscientemente, jogando o Brasil no atraso. Em favor da Ciência se alinham, por exemplo, os técnicos da EMBRAPA, que há anos vêm, com a maior dificuldade do mundo, realizando pesquisas sobre os transgênicos. Tudo dentro do maior rigor científico, buscando o melhor para um país que quer resolver o problema da fome. Um problema que ainda infelicita a Nação. 
Na qualidade de membro da Comissão de Agricultura e Política Rural desta Casa, elaborei moção de solidariedade ao Ministro da Agricultura, que posteriormente submeterei ao Plenário."
2004-02-04T16:52;"PROJETO DE LEI, NORMAS, SEGURANÇA, FISCALIZAÇÃO, PRODUTO TRANSGÊNICO, CONSELHO NACIONAL DE BIOSSEGURANÇA, CRIAÇÃO, CTNBIO, REESTRUTURAÇÃO, POLÍTICA NACIONAL DE BIOSSEGURANÇA, SUBSTITUTIVO, ALDO REBELO, RELATOR, DEFESA.
CTNBIO, INTRUÇÃO NORMATIVA, REGULAMENTAÇÃO, ATIVIDADE, LIBERAÇÃO, PRODUTO TRANSGÊNICO, AGRICULTURA.
EMBRAPA, PESQUISA CIENTÍFICA, PRODUTO TRANSGÊNICO.";PELA ORDEM;"O SR. JOSIAS GOMES (PT-BA. Pela ordem. Pronuncia o seguinte discurso.) - Sr. Presidente, Sras. e Srs. Deputados, a ciência brasileira se vê em um momento histórico. Temos no Congresso Nacional, sob a nossa responsabilidade, a Lei de Biossegurança, cujo substitutivo do Ministro Aldo Rebelo — até bem recentemente Líder do Governo na Câmara dos Deputados — representa, verdadeiramente, os anseios dos cientistas e o consenso dos que defendem a responsabilidade científica sobre os Organismos Geneticamente Modificados.
Em vários lugares do mundo, os chamados transgênicos, resultantes de pesquisas científicas devidamente comprovadas, já produzem para uma grande parte da humanidade. Sementes geneticamente modificadas, segundo pesquisas da conceituadíssima Empresa Brasileira de Pesquisa Agropecuária, a EMBRAPA, serão capazes, por exemplo, de enfrentar períodos de estiagem sem perder a capacidade de germinação. Por outro lado, a maioria das pesquisas conduz a sementes livres de agrotóxicos, com grande benefício para o meio ambiente.
Sr. Presidente, Sras. e Srs. Deputados, quando falamos na EMBRAPA, estamos nos referindo à real possibilidade de os produtores brasileiros contarem, no futuro, com pesquisas científicas altamente confiáveis para a utilização de sementes de Organismos Geneticamente Modificados. 
Impossível, sob pena de grande retrocesso para o avanço das pesquisas científicas, tirar da CTNBIO o poder de dar parecer final sobre os Organismos Geneticamente Modificados e sua utilização no País. Por isso, defendemos o substitutivo do Ministro Aldo Rebelo, que dá esse poder.
 Segundo informações da Comissão, foram elaboradas pela CTNBio e publicadas Instruções Normativas que regulamentam os mais diversos aspectos da biotecnologia moderna no País. Atualmente, existem dezenas de instituições públicas e privadas credenciadas, através da concessão de Certificado de Qualidade em Biossegurança (CQB), para desenvolver atividades com Organismos Geneticamente Modificados. Muitas delas conduzem regularmente liberações planejadas no meio ambiente. A Comissão já autorizou e vem acompanhando centenas de processos — a grande maioria de plantios agrícolas em escala experimental e apenas um em escala comercial, a soja Roudup Ready.
A CTNBio analisa, caso a caso, as solicitações que lhe são encaminhadas, jamais emitindo pareceres genéricos sobre, por exemplo ""soja transgênica"" ou ""milho transgênico"" em geral, mas unicamente sobre determinada linhagem de soja modificada para expressar determinadas características. Cabe ao solicitante o ônus de demonstrar a biossegurança do OGM, fornecendo todos os dados necessários para a avaliação, podendo a Comissão exigir informações e testes adicionais. 
É exigência legal para realização de experimentos com OGMs que a instituição interessada disponha da autorização específica da CTNBio para a realização do experimento e de Certificado de Qualidade em Biossegurança, ambos publicados no Diário Oficial da União. Além disso, deve constituir Comissão Interna de Biossegurança, de acordo com os critérios das Instruções Normativas da CTNBio. Cabe ao solicitante o ônus de demonstrar a biossegurança do OGM, fornecendo todos os dados necessários para a avaliação da CTNBio. Para realização de experimentos com OGMs é necessário que a instituição disponha dessa autorização da CTNBio, de Certificado de Qualidade em Biossegurança, ambos publicados no Diário Oficial da União, e que constitua Comissão Interna de Biossegurança, de acordo com as Instruções Normativas da CTNBio.
A elaboração de parecer técnico prévio conclusivo pela CTNBio segue os procedimentos estabelecidos pelas Instruções Normativas nºs 3, de 13 de novembro de 1996, e 10, de 22 de fevereiro de 1998. De acordo com esses procedimentos, o pedido de liberação de OGMs no meio ambiente é distribuído às subcomissões setoriais específicas das áreas da saúde, vegetal, animal e ambiental, que emitem pareceres técnicos, determinando os critérios e recomendações para a liberação ou indeferindo-a.
	Sr. Presidente, Sras. e Srs. Deputados, os pedidos de experimentos de campo com OGMs e de liberação em escala comercial de produtos transgênicos dão entrada na CTNBio e são distribuídos às subcomissões setoriais específicas da saúde, vegetal, animal e ambiental, presididas pelos representantes dos respectivos Ministérios, que emitem pareceres técnicos, determinando os critérios e condições para a liberação ou indeferindo-a. 
	O parecer técnico conclusivo emitido pela CTNBio contempla necessariamente os seguintes aspectos da segurança do OGM: a) riscos ao meio ambiente; b) riscos do ponto de vista agrícola e animal; e c) riscos para a saúde humana e para a produção de alimentos com vistas ao consumo humano. Para sua elaboração podem ser ouvidos consultores ad hoc e considerados os resultados de exames realizados em outros países.
	É esse processo que defendemos seja mantido. Atemoriza-nos a possibilidade de que apenas empresas multinacionais possuam a chance de pesquisar e dominar a tecnologia dos transgênicos. Tirar dos cientistas a possibilidade de garantir os Organismos Geneticamente Modificados é castrar-lhes a responsabilidade sobre o que pesquisaram, anos e anos a fio. 
	Cremos, enfim, que a ideologização dos transgênicos em nada vai ajudar a pesquisa científica e a possibilidade de a agricultura brasileira poder utilizar-se de tais recursos, que certamente se constituirão no futuro da agricultura, da ciência e da economia mundial. 
	Por isso, Sras. e Srs. Deputados, somos favoráveis ao substitutivo do Ministro Aldo Rabelo.
Sr. Presidente, peço a divulgação do meu pronunciamento.
	Muito obrigado."
2004-02-18T15:42;ANIVERSÁRIO, CEPLAC, HISTÓRIA, ATUAÇÃO, DESENVOLVIMENTO, LAVOURA, CACAU, EXPECTATIVA, AUMENTO, SAFRA, REDUÇÃO, INADIMPLÊNCIA, PEQUENO PRODUTOR RURAL.;PELA ORDEM;"O SR. JOSIAS GOMES (PT-BA. Pela ordem. Pronuncia o seguinte discurso.) - Sr. Presidente, Sras. e Srs. Deputados, na próxima sexta-feira, 20, a Comissão Executiva do Plano da Lavoura Cacaueira - CEPLAC completa 47 anos. Às vésperas do cinqüentenário, o órgão parece mais próximo, agora, de sua institucionalização. Há grandes chances, por vontade do Governo Federal, em fazer dessa importante comissão uma instituição consolidada na supervisão da política cacaueira, com o objetivo de fortalecer o serviço público no País. Esse é um compromisso assumido, publicamente, pelo Ministro da Agricultura, Roberto Rodrigues.
	Pois bem, Sr. Presidente, Sras. e Srs. Deputados, a CEPLAC tem uma longa história que precisa ser contada para que todos a conheçam. Independente do fato de ter sido criada como uma simples comissão, e continuado assim ao longo do tempo, seus técnicos nunca mediram esforços para dar continuidade aos processos de pesquisa, extensão e educação com o objetivo de fazer progredir a cultura do cacau. Ao longo de todo esse tempo, a preocupação sempre foi a de dar assistência total a pequenos, médios e grandes produtores envolvidos com a cacauicultura no Brasil.
	Na Bahia, Estado que orgulhosamente representamos nesta Casa, a história da cacauicultura se confunde com a própria história da região, pois o cacau fez o desbravamento para o interior, fundou cidades, formou gerações. O cacau foi responsável pela criação de uma civilização no sul da Bahia.
Em 1931, é criado o Instituto de Cacau da Bahia - ICB. A Cooperativa Central dos Agricultores do Sul da Bahia é fundada em 1942.
Em 1957, os problemas estão agravados e a cacauicultura vive a pior crise de sua história. A atividade cai a níveis antieconômicos porque os preços do produto no mercado internacional estão muito baixos, a tecnologia para sustentar o seu desenvolvimento é insuficiente, o crédito é caro e escasso. Predomina a lavoura extensiva, infestada de doenças e pragas. Os agricultores endividados, sem recursos ou estímulos, são levados ao desânimo, muitos ao abandono do cultivo. O cacau era um produto-problema, considerado uma cultura sem perspectivas.
No auge dessa crise, a 20 de fevereiro de 1957, o Governo Federal cria a Comissão Executiva do Plano de Recuperação da Lavoura Cacaueira, a nossa CEPLAC , com o objetivo de recuperar e racionalizar essa cultura agrícola.
No início, eram poucos funcionários, reunidos numa comissão provisória, com tarefa aparentemente emergencial a ser cumprida. E também eram mínimas as adesões da primeira hora. No entanto, não faltavam idéias, união, desejo de colaborar e construir. As críticas aos problemas deveriam ser exercidas antes de tudo, com interesse, trabalho e dedicação ao ""plano"".
Nos últimos anos, em função do aparecimento da vassoura-de-bruxa, doença fúngica que assola a lavoura regional, e das significativas mudanças nos cenários político-econômico nacional e mundial, a CEPLAC redirecionou sua missão, tendo como opção estratégica o combate à essa doença, a promoção da diversificação agroindustrial e a implementação de ações voltadas para gestão ambiental através do incentivo à agricultura sustentável e à preservação dos remanescentes da Mata Atlântica, um dos mais estratégicos ecossistemas do Planeta. No que tange ao controle da vassoura-de-bruxa, importantes avanços tecnológicos nas áreas de melhoramento genético e manejo integrado do controle da doença foram obtidos e já estão em uso pelos produtores, constituindo-se a base tecnológica para a recuperação da produtividade da lavoura cacaueira. Avanços importantes também foram computados nas outras opções estratégicas, principalmente na diversificação da economia regional e gestão e preservação ambiental.
Agora, em 2004, a previsão da CEPLAC é de que a safra baiana de cacau atinja 173.000 toneladas. Ano passado, a colheita alcançou 130.000 toneladas no ano passado. 
O Governo está investindo em ações de controle da doença para fortalecer o setor e, conseqüentemente, equilibrar a balança comercial. 
Até dezembro serão clonados pelo menos mais 20.000 pés de cacau. O processo consiste na retirada de um ramo da muda clonada, resistente à doença. Em seguida, o ""garfo"" (uma parte do galho) é enxertado em um broto do pé atacado pela vassoura-de-bruxa. Cerca de 3 meses depois, o ""garfo"" se transforma em muda, e o pé contaminado é cortado. Um trabalho lento, paciente, planejado e científico, que vem dando certo graças à parceria permanente entre a CEPLAC e os produtores de cacau.
Pois bem, Sr. Presidente. esse é o esforço que dirigentes e técnicos da CEPLAC vêm desenvolvendo ao longo do tempo. Não é somente o crescimento da produção de cacau em cerca de 45%, na safra 2003/2004, que motiva a nossa confiança na cacauicultura, mas, sobretudo, o baixíssimo grau de inadimplência dos mini e pequenos produtores, que representam apenas 3,92% de todos os que negociaram com o Banco do Brasil e com o Banco do Nordeste. Segundo números do Banco do Nordeste, 1.878 mini e pequenos agricultores estão habilitados ao crédito novamente, beneficiados pela Lei nº 10.177. Eles buscaram a renegociação de suas dívidas, no montante de R$28.268.497,09. Tais números são bastante reveladores do grau de responsabilidade desses produtores, interessados na solução de suas dívidas e no fortalecimento da agricultura cacaueira, reforçando o sistema de financiamento do cacau.
Informações do Banco do Nordeste dão conta da existência de recursos para arcar com toda a demanda existente com relação aos miniprodutores de cacau. Segundo essas informações, os bancos oficiais continuam dispondo dos mesmos instrumentos para atendimento aos produtores. Acreditamos que isso somente está sendo possível exatamente pela elevada adimplência dos pequenos e miniprodutores junto aos bancos.
Importante, portanto, ressaltar o papel que essas instituições vêm tendo, junto com a CEPLAC, na recuperação da lavoura cacaueira. Instituições que pertencem ao Governo Federal, o mesmo governo que, nos últimos tempos, conseguiu estabelecer diversos programas de financiamento e incentivo ao cacau. São exemplos, o Programa de Saneamento de Ativos-Pesa, do Tesouro Federal, cujos recursos são gerenciados pelo Banco do Brasil; o Programa de Desenvolvimento da Fruticultura, o PRODEFRUTA, resultante da unificação dos programas PROFRUTA, PROCACAU, PRODEVINHO e PROCAJU, nos termos da Resolução nº 3.095, de 25/06/2003, do Banco Central; e pelo Programa Nacional de Fortalecimento da Agricultura Familiar - PRONAF, de apoio ao desenvolvimento rural, a partir do fortalecimento da agricultura familiar, como segmento gerador de postos de trabalho e renda.
Assim, Sr. Presidente, Sras. e Srs. Deputados, a CEPLAC, como órgão do Governo Federal, completa 47 anos de criação estando absolutamente confiante de que o futuro do cacau, no Brasil, obedece a uma tendência de voltar a ter destaque internacional. Encontram-se nesta Casa o Diretor da CEPLAC, Gustavo Moura, o Coordenador-Geral, Everaldo Anunciação, os Superintendentes Regionais Aliomar Arapiraca, Wellington Duarte e Francisco Chagas, a quem agradecemos pela honrosa presença.
Muito obrigado."
2004-03-23T17:20;POLÍTICA AGRÍCOLA, ROBERTO RODRIGUES, MINISTRO DE ESTADO, MAGR, INCENTIVO, PESQUISA AGROPECUÁRIA, ATUAÇÃO, EMBRAPA, COOPERAÇÃO TÉCNICA, DESENVOLVIMENTO, AGRONEGÓCIOS, AGRICULTURA, PROPRIEDADE FAMILIAR, POLÍTICA NACIONAL DE BIOSSEGURANÇA, ELOGIO.;PELA ORDEM;"O SR. JOSIAS GOMES (PT-BA. Pela ordem. Pronuncia o seguinte discurso.) - Sr. Presidente, Sras. e Srs. Deputados, o Ministro da Agricultura, Pecuária e Abastecimento, Roberto Rodrigues, em suas palestras pelo nosso imenso Brasil, costuma detalhar a importância do agronegócio. Descreve-o como o setor da economia representado pelas cadeias produtivas cujo miolo é a agricultura. E, a cadeia produtiva, como ""o conjunto de ações e serviços que começam com um pesquisador científico criando novas variedades de plantas, novos sistemas e métodos agronômicos ou zootécnicos. Em seguida, vêm os insumos: adubos, sementes, máquinas, equipamentos, defensivos e o crédito rural. Depois, vêm o plantio e todos os tratos culturais até a colheita. Na seqüência, vêm o transporte, a armazenagem, a industrialização, a embalagem e a distribuição, até o consumidor final. Então, a cadeia produtiva começa na pesquisa e termina na gôndola do supermercado"".
O nosso Ministro Roberto Rodrigues reconhece e nos ensina, a cada oportunidade que podemos desfrutar de sua presença, que grande parte da responsabilidade pelo fato de a agricultura brasileira ser uma das mais eficientes e competitivas do mundo deve-se aos esforços da Empresa Brasileira de Pesquisa Agropecuária - EMBRAPA. Ciente de que a empresa se insere como uma das mais importantes contribuintes da revolução em curso no campo brasileiro, o Ministro Roberto Rodrigues imprimiu claramente na política agrícola do Governo Lula enorme apoio à pesquisa agropecuária brasileira, à nossa EMBRAPA e à nossa soberania tecnológica.
Diante disso, resolvi trazer um pouco do trabalho da nossa importante EMBRAPA para o debate nesta Casa. Foram 3 décadas de obstinação, competência, capacidade técnica e profissionalismo. Seu compromisso com o futuro do País continuará a levar ao campo o que existe de mais moderno em termos de tecnologia agropecuária. 
O avanço da genética, as boas práticas de manejo do solo e das pragas, a mecanização, a irrigação, o armazenamento e o transporte fizeram com que o País, apesar de não contar com proteções e subsídios, diferentemente da Europa e dos EUA, chegasse em 2003 a produzir 123 milhões de toneladas de grãos e um saldo comercial no agronegócio de mais 25,8 bilhões de dólares. Desde os anos 70, a produção de leite e hortaliças dobrou; a produção de carne bovina e suína foi multiplicada por 3; e a produção de frango aumentou 20 vezes. 
A soja, por exemplo, espécie exótica, é cultivada em todas as regiões do Brasil, graças aos esforços dos melhoristas brasileiros. Desde 1970, a área cultivada com soja cresceu de 2,2 milhões para 18,1 milhões de hectares, e a quantidade produzida aumentou de 1,9 milhão para 50,3 milhões de toneladas de grãos, com a produtividade aumentando de 864 para 2.780 quilos por hectare.
Sr. Presidente, se não tivesse havido esse aumento, 40,1 milhões de hectares teriam de ser incorporados à produção para que se obtivesse a mesma quantidade produzida atualmente. Estes 40 milhões de hectares correspondem, hoje, a praticamente toda a área cultivada com grãos no Brasil.
Destaca-se também a economia com fertilizantes nitrogenados, resultantes da utilização de bactérias fixadoras de nitrogênio em toda a área plantada com soja no País, o que representou, somente nessa safra de 2003/2004, redução de custos de US$2,1 bilhões. Tecnologia desenvolvida pela EMBRAPA!
Importantes também, Sr. Presidente, são as centenas de cultivares e híbridos de milho, feijão phaseolus e feijão vigna, algodão, mandioca, tomate, cenoura, maçã, pêssego, trigo, arroz, frutas tropicais, entre outros, disponibilizadas para uso pelos agricultores de todo o Brasil. Além de contribuírem para o aumento da produtividade, esses cultivares e híbridos conferiram maior resistência a pragas e doenças, com economia no uso de agrotóxicos. 
Nos primeiros 15 meses do Governo Lula, a EMBRAPA continuou trabalhando arduamente. Inclusive em áreas novas, como os projetos que vão ao encontro de ameaças como o mal da vaca louca e a gripe do frango, bem como a ferrugem da soja, que vem causando prejuízos significativos e pode levar ao desespero um dos segmentos mais importantes do agronegócio brasileiro: a cadeia produtiva da soja. Graças ao conhecimento acumulado pelos seus mais de 2.200 pesquisadores e à forma tranqüila e eficiente com que é administrada pela atual gestão, a EMBRAPA pôde subsidiar o MAPA com os conhecimentos científicos necessários para a tomada de decisões, de forma que os impactos negativos destas ameaças sejam evitados ou minimizados. 
Sr. Presidente, em 2003 foram registradas 44 novos cultivares no Serviço Nacional de Proteção de Cultivares - SNPC, abrangendo as espécies abacaxi, acerola, arroz, capim Buffel, feijão caupi, feijão, girassol, milho, soja, sorgo e trigo. Foram lançados também, com registro provisório, 3 cultivares de uvas sem sementes. Esses lançamentos têm como impacto, além do acréscimo da produção pelo aumento da produtividade sem o correspondente crescimento da área plantada; a redução do uso de agrotóxicos, pelo desenvolvimento de cultivares tolerantes ou resistentes às pragas e doenças; a adaptação às diferentes condições de ambiente e de cultivo; e a agregação de valor aos produtos tradicionalmente cultivados. Ressalta-se ainda que a atuação da EMBRAPA nesse ramo de atividade garante ao Governo Federal certa capacidade de controle do mercado de sementes e mudas, impedindo o monopólio pelas grandes corporações, uma questão de soberania e de segurança alimentar.
Em 2004, o lançamento de novos cultivares continua, de trigo a soja, de feijão a cebola; nenhum projeto foi interrompido. Alguns desses produtos, além dos resultados em produtividade, apresentam características que só a criatividade e a competência dos nossos pesquisadores poderiam alcançar. Um exemplo é o recente anúncio da cebola doce, nova variedade nacional que evita o conhecido choro ao ser descascada e também o mau hálito de quem a consome. Essa variedade, além de abrir enorme mercado junto ao consumidor estrangeiro, ainda contribui com um benefício adicional para a balança comercial brasileira, uma vez que as sementes de cebola doce hoje disponíveis no mercado brasileiro são importadas dos Estados Unidos.
A EMBRAPA continua na vanguarda na área de clonagem de bovinos. Em setembro de 2003 nasceu a primeira bezerra clonada a partir das células de um animal já morto. A fêmea da raça holandesa, de elevado valor genético, morreu por acidente e teve suas células clonadas para dar origem a Lenda. Já em fevereiro de 2004 nasceu Vitoriosa, o primeiro clone de um clone nascido na América Latina.
A preocupação com as áreas consideradas de ponta é fundamental. Nesse caso, a biotecnologia tem sido constante na programação de pesquisas da EMBRAPA. Destaco o investimento no desenvolvimento de transgênicos nacionais: a pesquisa sobre mamão transgênico foi a primeira licenciada em campo no País. 
Sr. Presidente, o licenciamento ambiental para a pesquisa de campo demorou anos. Somente no Governo Lula o experimento passou para uma segunda fase, quando as plantas foram transferidas da casa de vegetação para o campo. Recentemente, foi liberada a pesquisa em campo com feijão transgênico, que também aguardava liberação desde o Governo Fernando Henrique.
Foi também com o apoio, o respaldo e o empenho da atual Direção da EMBRAPA que o Ministro Aldo Rebelo, ex-Líder do Governo na Câmara dos Deputados e Relator do PL da Biossegurança, aprofundou e difundiu sua reflexão crítica sobre biossegurança, biotecnologia e soberania tecnológica e elaborou substitutivo que garante liberdade para a pesquisa com transgênicos, justamente a pauta das reivindicações dos pesquisadores durante o Governo anterior.
O agronegócio é responsável por cerca de 30% do PIB nacional e dele participam desde os agricultores altamente competitivos até os agricultores familiares que colocam pequena quantidade de sua produção no mercado. Além de sua importância no agronegócio, a agricultura familiar também tem grande responsabilidade social e de segurança alimentar. De cada 10 trabalhadores do campo, cerca de 8 estão ocupados em atividades familiares. De todos os alimentos consumidos pelo País, a agricultura familiar produz quase 70% do feijão; 84% da mandioca; 58% da produção de suínos; 54% da bovinocultura de leite; 49% do milho; e 40% de aves e ovos.
Dessa forma, o Governo Lula atua no fim do enfoque dicotômico entre grande produtor e pequeno produtor. Investe nos agricultores familiares, a partir do princípio de que não sobreviverão se não se adequarem às novas exigências do mercado. Portanto, como grande inovação, a EMBRAPA no Governo Lula incluiu como prioridade tanto o produtor empresarial quanto o agricultor familiar. O objetivo é que esse setor cada vez mais faça parte do agronegócio. Ou seja, o Governo Lula tem como prioridade fortalecer o agricultor brasileiro, onde ele estiver, independente do tamanho de sua propriedade, dos produtos explorados, de seu capital ou do nível tecnológico de suas atividades. Justamente de acordo com o programa de governo. 
Concluo minha manifestação, Sr. Presidente, solicitando a V.Exa. que determine a divulgação do meu pronunciamento no Programa A Voz do Brasil e nos demais órgãos de comunicação da Casa.
Muito obrigado."
2004-04-27T16:30;"DECISÃO, TRE, CASSAÇÃO, TASSIZO CARLETTO, PREFEITO, MUNICÍPIO, ITAMARAJU, BA, APOIO.
FREI DILSON, EX PREFEITO, MUNICÍPIO, ITAMARAJU, BA, CONGRATULAÇÕES.";PELA ORDEM;"O  SR.  JOSIAS GOMES (PT-BA. Pela ordem. Pronuncia o seguinte discurso.) - Sr. Presidente, Sras. e Srs. Deputados, ocupo a tribuna no dia de hoje para exaltar decisão do Tribunal Regional Eleitoral da Bahia, que cassou, de maneira exemplar, o mandato do Prefeito Tassizo Carletto, do Município de Itamaraju, no Estado que represento nesta Casa. Depois de anos de supremacia, conseguida de forma duvidosa, a família Carletto experimentou o poder da Justiça contra os desmandos praticados na última eleição ocorrida naquela importante cidade do Extremo Sul da Bahia.
Na última quinta-feira, dia 22, o diploma de Carletto foi cassado, portanto, pelo TRE baiano. A decisão da Justiça Eleitoral coroou a luta travada pelos partidos que compunham a coligação A Cidadania Vai Continuar, aí incluídos o PT, o PSB, o PPS, o PCdoB e o PHS. Uma luta que teve início após comprovação da existência de graves ocorrências relacionadas com a corrupção eleitoral, nas eleições de 2000, capazes de modificar o verdadeiro desejo dos eleitores de Itamaraju.
Durante todo o desenrolar do processo relativo à cassação do Prefeito empossado em 2000, eleito de forma escancaradamente fraudulenta, no que diz respeito à utilização de expedientes antiéticos durante o processo eleitoral, o Partido dos Trabalhadores da Bahia sempre esteve na linha de frente, ao lado dos companheiros da coligação A Cidadania Vai Continuar. Afinal de contas, tratou-se, durante todo o tempo, de uma luta em defesa do respeito à vontade popular, abertamente contrariada por conta dos escusos expedientes utilizados pela família Carletto naquela região.
Para recordar os fatos, em 2000, no próprio ano eleitoral, o Prefeito que teve agora o seu diploma cassado criou uma fundação que levava o seu nome, com flagrante propósito de captar votos. As irregularidades levaram, inclusive, o Ministério Público Eleitoral a propor ação de extinção da fundação. No dia 19 de setembro de 2000, praticamente às vésperas da eleição, 2 pessoas foram presas em flagrante delito por infração direta do Código Eleitoral (art. 299). Essas pessoas, utilizando-se de 2 microônibus a serviço da fundação, distribuíam cestas básicas em bairros de Itamaraju. Portavam fichas com o timbre e o nome da fundação, cadastro de pessoas que receberiam as cestas, contendo informações como filiação, endereço, número do título eleitoral, zona e sessão. E, para revolta geral, em algumas fichas havia expressões do tipo ""apresentar título"" ou ""mostrar título"". Tudo isso foi claramente explicitado pelo Ministério Público Estadual.
Além disso, o próprio Tassizo Carletto confessou que sua fundação prestou serviços médicos, odontológicos e forneceu cestas básicas, a partir de abril de 2000. Ressalte-se, ainda, que as testemunhas arroladas e ouvidas no processo foram taxativas quanto às ações pseudo-assistencialistas da fundação e à intenção de comprar votos, que era a verdadeira função daquela instituição privada. Quer dizer, todos os atos praticados pelo então candidato Tassizo Carletto à frente da fundação que levava o seu nome configuram captação ilegal de votos e abuso do poder econômico. 
Sr. Presidente, Sras. e Srs. Deputados, na Internet multiplicam-se os espaços por eleições livres de corrupção eleitoral no País. Nessa luta por eleições sem fraudes, sem abuso do poder econômico, verdadeiramente democráticas, o ano de 1999 foi marcado, para o cidadão brasileiro, por 2 grandes vitórias: em primeiro lugar, foram reunidas as assinaturas de mais de 1 milhão de eleitores, para apresentar ao Congresso Nacional um projeto de lei de iniciativa popular contra a corrupção eleitoral; finalmente, esse projeto foi aprovado em prazo recorde - o primeiro projeto de lei de iniciativa popular aprovado pelo Congresso Nacional.
A coleta de assinaturas durou mais de 1 ano. Mas valeu a pena. Hoje o povo brasileiro dispõe de um novo instrumento de luta para acabar com a impunidade do crime da compra de votos, flagelo de nossa democracia: a Lei nº 9.840, de 28 de setembro de 1999. 
A Justiça Eleitoral, pelo seu órgão máximo, o Tribunal Superior Eleitoral, acolheu com satisfação essa lei, que aumenta sua eficácia na ação que deve desenvolver pela igualdade de oportunidades de todos os candidatos. Mas, para agir, ela precisa que as irregularidades lhe sejam denunciadas. É necessário, portanto, que, em todo o Brasil, o milhão de subscritores do projeto de lei aprovado se organizem, com outros brasileiros que a eles se juntem nessa ação de cidadania, para fiscalizar o cumprimento da Lei nº 9.840. 
Assim, é preciso que haja o efetivo cumprimento da Lei nº 9.840 nas eleições municipais deste ano, com o real afastamento do processo eleitoral, pelo cumprimento da lei, dos políticos aproveitadores que exploram as carências populares para conquistar mandatos e exercê-los unicamente em seu próprio proveito.
Nossa ação não deve, no entanto, reduzir-se à simples fiscalização da lei. Será necessário difundir ao máximo esta verdade simples: voto não tem preço, tem conseqüências. Essa frase fala por si mesma. Cunhada durante a campanha de coleta de assinaturas por um participante de Apucarana, Paraná, ela agora precisa ser repetida, lida e ouvida pelo maior número possível de eleitores.
A cassação ora definida pelo TRE baiano em Itamaraju se inscreve no interior dessa luta mais ampla por transparência e ética nas eleições. Na Bahia, a decisão do Tribunal Regional Eleitoral revela a independência dos juízes eleitorais para com possíveis injunções do poder econômico ou político porventura interessado na manutenção do status quo da corrupção eleitoral. E nos enche de esperanças em um futuro marcado pelas liberdades democráticas e pelo respeito absoluto à vontade do eleitor.
Enfim, acaba fazendo justiça à administração do ex-Prefeito petista Frei Dilson, que concorreu à reeleição em 2000 armado apenas da ética e da transparência, enfrentando a corrupção eleitoral agora escancarada graças à decisão do TRE da Bahia. Frei Dilson retorna ao comando da Prefeitura de Itamaraju, antecedendo a vitória que, com toda a certeza, pertencerá ao Partido dos Trabalhadores nas eleições municipais deste ano, naquela importante cidade do Extremo Sul da Bahia.
Era o que tinha a registrar, Sr. Presidente, Sras. e Srs. Deputados."
2004-08-25T16:30;"EMANOEL ACILINO, PRESIDENTE, CÂMARA MUNICIPAL, MUNICÍPIO, ITABUNA, BA, ATUAÇÃO, ELOGIO.
CÂMARA MUNICIPAL, ADMINISTRAÇÃO MUNICIPAL, MUNICÍPIO, ITABUNA, BA, PARTIDO POLÍTICO, PT, TRANSPARÊNCIA ADMINISTRATIVA, ELOGIO.";PELA ORDEM;"O SR. JOSIAS GOMES (PT-BA. Pela ordem. Pronuncia o seguinte discurso.) - Sr. Presidente, Sras. e Srs. Deputados, quero deixar registrado nos Anais desta Casa fato auspicioso que serve de exemplo para os que fazem política hoje. Tudo em nome da honestidade no tratamento da coisa pública. Depois de ter devolvido 550 mil reais em dezembro último, o Presidente da Câmara Municipal de Itabuna, Vereador Emanoel Acilino, do Partido dos Trabalhadores, volta a devolver ao Executivo mais 263 mil reais nesse primeiro período legislativo.
O dinheiro que sobrou dos repasses do duodécimo a que o Legislativo teve direito em 2003 foi destinado à construção de 2 creches para crianças de comunidades carentes. Uma em Ferradas e outra na Califórnia. O Prefeito de Itabuna, ex-Deputado Geraldo Simões, também do Partido dos Trabalhadores, garantiu que as 2 creches serão construídas até o final do ano.
Quanto aos 263 mil reais que foram devolvidos nesse primeiro semestre de 2004, eles serão destinados, segundo o Presidente da Câmara, Acilino, à construção de quadras poliesportivas em diversos bairros da cidade. A intenção, segundo o Presidente do Legislativo de Itabuna, é transformar esses recursos excedentes em benefícios para as comunidades carentes do Município. O Prefeito Geraldo Simões garante que, até o final do ano, as obras estarão sendo concluídas.
Apesar da devolução do dinheiro, ainda foi possível ao Presidente da Câmara a concretização de obras importantes para o funcionamento do Legislativo itabunense. Foram implantadas reformas estruturais e físicas, além haver de melhoria nos salários dos servidores. Foi possível recuperar os gabinetes dos Vereadores, dando mais comodidade ao trabalho dos Parlamentares. 
Ao registrar o fato, convém ressaltar a transparência com que o dinheiro público vem sendo utilizado pela Câmara Municipal de Itabuna. 
Os Vereadores, aliados ao Governo petista de Geraldo Simões, podem orgulhar-se da forma como vêm buscando seguir a trilha da honestidade. E dão ao País exemplo eloqüente de como realizar obras sem corrupção, pois sobra dinheiro para ser utilizado ainda em ações reclamadas pela população.
Era o que tinha a registrar."
2004-11-22T18:45;"CELSO FURTADO, ECONOMISTA, MORTE, HOMENAGEM PÓSTUMA.
AGRICULTURA, DESEMPENHO, POLÍTICA AGRÍCOLA, LUIZ INÁCIO LULA DA SILVA, PRESIDENTE DA REPÚBLICA, UTILIZAÇÃO, TECNOLOGIA AGRÍCOLA, EMBRAPA, MAGR, PROGRAMA DE DESENVOLVIMENTO, CAMPO, PROPRIEDADE FAMILIAR, REFORMA AGRÁRIA, CONSOLIDAÇÃO, CEPLAC,  ATUAÇÃO, ELOGIO.";GRANDE EXPEDIENTE;"O SR. JOSIAS GOMES (PT-BA. Sem revisão do orador.) - Sr. Presidente, aproveito o Grande Expediente desta segunda-feira, mais uma vez, para falar sobre a agricultura brasileira, palco de grandes conquistas tanto nacional quanto internacionalmente. 
Antes, porém, manifesto meu profundo pesar pelo falecimento de um grande brasileiro e nordestino: o paraibano Celso Furtado, que, sem dúvida, trouxe a debate, do ponto de vista mais importante, as questões regionais brasileiras, tendo sido estudioso da causa nordestina e promovido, com muito carinho, a instalação daquela que foi a grande promotora do desenvolvimento regional nordestino, a SUDENE. 
Sr. Presidente, Sras. e Srs. Deputados, a agricultura nacional é hoje uma das melhores e mais competitivas do mundo, especialmente após a implantação da política do Governo Luiz Inácio Lula da Silva, desenvolvida pelo Ministério da Agricultura, Pecuária e Abastecimento, sob a coordenação do Ministro Roberto Rodrigues, e pelo Ministério do Desenvolvimento Agrário, sob o comando do Ministro Miguel Rossetto. 
Buscar a utilização de tecnologias de ponta para fazer face ao fenômeno da globalização da economia tem sido o desafio da agricultura brasileira, de acordo com as novas orientações políticas para o setor. Desde o início do Governo Lula, o Ministério da Agricultura tem investido fortemente na produtividade do setor agropecuário nacional, com resultados muito bons. Isso implica, principalmente, investimentos na pesquisa agropecuária nacional, levando em conta as especificidades do nosso sistema produtivo e a necessidade de tecnologias específicas.
Nesse particular, tem importância decisiva a Empresa Brasileira de Pesquisa Agropecuária, órgão vinculado ao Ministério da Agricultura, Pecuária e Abastecimento, da qual faço parte na condição de Conselheiro da EMBRAPA Semi-Árido, localizada em Petrolina. 
Lanço mão de uma de suas experiências, a do Plantio Direto, conforme descrição da própria empresa, que tem contribuído significativamente para o avanço quantitativo e qualitativo da agricultura de grande parte da região tropical brasileira. Consagrado como o sistema conservacionista mais efetivo para a solução dos problemas de degradação dos frágeis solos dos trópicos, reduzindo os custos de proteção ambiental, o Plantio Direto representa o melhor caminho para a diminuição dos custos de produção e para a sustentabilidade da produção agropecuária, sendo adaptado a todos os tamanhos e tipos de exploração. 
A EMBRAPA Solos tem participado ativamente da implantação e da divulgação do Plantio Direto no Brasil, atuando nas áreas de diagnóstico dos processos químicos, físicos e biológicos do solo.
São realizados estudos do solo para aperfeiçoar as estratégias de manejo da fertilidade para a produção de alimentos, sem esquecer os cuidados com o meio ambiente. Um dos principais trabalhos feitos é o de comparação entre o plantio direto e o convencional (aração e gradagem). Hoje é possível observar, além da quantidade de matéria orgânica do solo, a qualidade desse componente. Temos condições não só de avaliar o plantio direto em relação ao convencional, como também, no plantio direto, de avaliar diferentes rotações de cultura. Ou seja, tanto no plantio direto quanto no convencional, avaliamos a contribuição de diferentes adubos verdes na qualidade da matéria orgânica e o efeito disso na melhoria das propriedades físicas e químicas do solo.
Outro estudo de importância executado pela EMBRAPA Solos é o de avaliação da contribuição das frações da matéria orgânica na agregação do solo. A agregação do solo é fenômeno importante no combate à erosão.
Essas e outras experiências têm merecido apoio da parte do Governo e contribuído para a posição de destaque ocupada pelo Brasil no cenário da agricultura internacional. 
No âmbito do Ministério da Agricultura são diversos os programas que cuidam da pesquisa e do desenvolvimento do setor agropecuário. Como exemplos citamos o Programa de Produtividade do Algodão e Outras Fibras, por meio do qual o Governo capacita e profissionaliza pequenos agricultores envolvidos na cultura algodoeira de forma racional, politicamente sustentável e economicamente compatível com a realidade das comunidades assistidas, com ênfase na formação em serviço; o Programa de Aviação e Mecanização Agrícola, que fiscaliza os estabelecimentos prestadores de serviços de aviação agrícola; o Programa Nacional de Borracha Natural, que busca a auto-suficiência da borracha natural do País, via aumento da produção e melhoria da qualidade do produto, com preservação ambiental e ecológica e com ênfase na rentabilidade social e econômica, que continua após 3 décadas de investimentos públicos a ser o objetivo maior das políticas do Governo Federal; o Programa de Classificação, que possibilita a seleção de produtos para diferentes usos, em virtude da qualidade, que facilita a fixação de preços pela diferenciação dos tipos, identifica os produtos inadequados ao consumo humano e animal, resguarda a economia nacional dos riscos de importação de produtos inadequados ao consumo, enfim, proporciona subsídios relativos ao produto, aos órgãos públicos e privados de pesquisa e assistência técnica; o Programa Nacional de Microbacias Hidrográficas e Conservação de Solos na Agricultura, que promove o desenvolvimento rural de forma integrada e sustentável, tendo a microbacia hidrográfica como unidade de planejamento e a organização dos produtores como estratégia para promover a melhoria da produtividade agrícola e o uso de tecnologias adequadas sob o ponto de vista ambiental, econômico e social; o Programa de Fertilizantes, Corretivos e Inoculantes, que objetiva garantir níveis adequados de qualidade e de conformidade dos fertilizantes, corretivos e inoculantes colocados à disposição dos produtores rurais, objetivando salvaguardar a produção, a produtividade de alimentos e a competitividade do agronegócio brasileiro; o Programa de Desenvolvimento das Plantas Medicinais, que envolve a articulação interministerial para definir as competências e o modus operandi das ações conjuntas - fazem parte intrínseca dessa questão os Ministérios da Ciência e Tecnologia, da Saúde, do Meio Ambiente e da Agricultura. Todos têm ações ligadas às plantas medicinais e competências específicas. Portanto, há que se definir o modus faciendi das articulações; o Programa de Desenvolvimento de Flores e Plantas Ornamentais - PROFLORES, que apóia o desenvolvimento e a profissionalização de floricultores na produção de flores e plantas ornamentais pelo estabelecimento de parcerias com instituições competentes da cadeia produtiva; o Programa de Desenvolvimento da Fruticultura - PROFRUTA, que consolida os padrões de qualidade e competitividade da fruticultura brasileira, em conformidade com requisitos de mercado internos e externos, integra os programas estruturantes de Governo contemplados no Plano Plurianual e expressa uma das prioridades estratégicas do Ministério da Agricultura, Pecuária e Abastecimento; o PROAGRO, que inibe as solicitações fraudulentas, através do acompanhamento sistemático das ocorrências climáticas e monitoramento das operações de seguro, em todas as suas fases, coibindo a realização de pagamentos indevidos; o Programa Integrado de Apoio à Cafeicultura - PROCAFÉ, que busca a auto-sustentabilidade do sistema agroindustrial cafeeiro com o incremento da rentabilidade econômica, social e a preservação ambiental e ecológica. No entanto, a auto-sustentabilidade só será alcançada se esses 3 elementos principais estiverem em perfeita interação.
São esses os principais programas que, nascidos recentemente ou em períodos anteriores, vêm recebendo do Ministério da Agricultura todo o apoio e contribuído para o marcante desenvolvimento da agricultura brasileira.
	De sua parte, o Ministério do Desenvolvimento Agrário tem desenvolvido esforços importantes na consolidação da agricultura familiar no País, responsável pela maioria dos alimentos que chegam diariamente à mesa dos brasileiros. A atividade responde por 84% da produção de mandioca; 67% de feijão; 58% de suínos e frangos; 52% de bovinocultura de leite; 49% de milho; e 31% de arroz produzidos no Brasil. De cada 10 trabalhadores do campo 7 estão ocupados em atividades familiares. Quase 40% do valor bruto da produção agropecuária do Brasil vêm da agricultura familiar.
No MDA destacam-se programas como o Garantia Safra, sistema de garantia de renda do Governo Federal que funciona como seguro nos casos de perda da produção provocada pela seca no Nordeste. O programa prevê a liberação de 550 reais, pagos em 5 parcelas, para assegurar renda mínima mensal ao trabalhador que vive no semi-árido brasileiro - Região Nordeste, norte dos Estados de Minas Gerais e Espírito Santo - e perdeu mais de 50% das lavouras de arroz, milho, feijão, mandioca ou algodão. 
	Já o II Plano Nacional de Reforma Agrária prevê, até 2006, assentamento de 400 mil famílias; regularização de posses de 500 mil famílias; beneficiamento de 150 mil famílias pelo crédito fundiário; recuperação da capacidade produtiva e viabilidade econômica dos atuais assentamentos; criação de 2 milhões e 75 mil novos postos permanentes de trabalho no setor reformado; implementação de cadastramento georreferenciado do território nacional e regularização de 2 milhões e 200 mil imóveis rurais; reconhecimento, demarcação e titulação de áreas de comunidades quilombolas; garantia do reassentamento dos ocupantes não-índios de áreas indígenas; garantia de assistência técnica e extensão rural; capacitação, crédito e políticas de comercialização a todas as famílias das áreas reformadas; universalização do direito à educação, à cultura e à seguridade social nas áreas reformadas.
	Com o Plano Safra 2004/2005 e investimento recorde de 7 bilhões de reais, o Governo Federal está criando novos postos de trabalho no campo, aumentando a renda dos agricultores familiares e estimulando a produção de alimentos de Norte a Sul do País.
	O Bolsa-Família, o maior e mais ambicioso programa de transferência de renda da história do Brasil, nasce para enfrentar o maior desafio da sociedade brasileira: combater a fome e a miséria e promover a emancipação das famílias mais pobres do País. Através do Bolsa-Família, o Governo Federal concede mensalmente benefícios em dinheiro para famílias mais necessitadas.
Ressalte-se ainda o PRONAF Jovem, criado pelo Presidente Lula, que tem como principal objetivo fomentar o futuro da agricultura brasileira, combater o êxodo rural e o aumento da miséria e da criminalidade nos centros urbanos. É ação estruturante e fundamental para o desenvolvimento sustentável do País.
	No setor cacaueiro, convém lembrar os avanços conseguidos pela CEPLAC desde o início da gestão do Presidente Lula. O cacau já foi um dos mais importantes setores da economia baiana, tanto como fonte de geração de renda quanto de empregos. E mais: o cacau é um dos mais fortes símbolos da cultura do Estado que orgulhosamente represento nesta Casa, sendo mesmo emblema da região no inconsciente coletivo nacional e até internacional.
	Contudo, o advento da enfermidade conhecida como vassoura-de-bruxa, detectada pela primeira vez em 1989, prejudicou enormemente a cacauicultura no sul da Bahia, afetando profundamente a economia local. Desde aquela época produtores, trabalhadores e autoridades lutam para superar os problemas causados pela vassoura-de-bruxa.
A atual Direção da CEPLAC, empossada em janeiro de 2003, encontrou situação que pode ser resumida nos seguintes números: o orçamento deixado para 2003, herança do Governo anterior, foi de 8,5 milhões de reais; em 2004 subiu para 14,5 milhões de reais; e, em 2005, será de 16,7 milhões de reais, o que vai permitir informatizar todas as unidades do órgão, interligando-as em rede.
Depois de anos paralisada, desde 1999, foi retomada em 2003 a Semana do Fazendeiro. A última, realizada em agosto de 2004, contou com 6.100 participantes, entre produtores, técnicos, estudantes etc., que prestigiaram a festa na qual também foram lançados 5 novos clones de cacau resistentes à vassoura-de-bruxa e de alta produtividade.
Com a adoção de nova postura no combate à enfermidade, baseada em investimento na pesquisa para geração de novos clones, na difusão da tecnologia gerada, na capacitação de mão-de-obra qualificada e na negociação das dívidas com produtores (o PESA, que vencia em fevereiro de 2003, foi prorrogado até julho de 2004, e foram renegociados os débitos por um prazo de 20 anos). Já houve aumento da área de cacau clonado - cerca de 50 mil hectares.
O resultado pode ser observado nos seguintes números: elevação da produção nacional de cacau, de 123 para 170 mil toneladas, na safra de 2002/2003; área controlada da doença vassoura-de-bruxa, de 280 mil e 111 hectares de cacauais, em 2003, sendo de 575 mil e 100 hectares a meta para 2004; lançamento de 20 clones, em 2003, resistentes à vassoura-de-bruxa e de alta produtividade; estudos avançados de novas variedades, em 2004; produção/distribuição aos produtores de 10 toneladas de biofungicida, em 2003, e de 20 toneladas, em 2004; produção/distribuição de 350 mil mudas/garfos de cacaueiros, em 2003, e de 500 mil, até junho de 2004; geração de empregos, com retorno de 25 mil assalariados rurais aos postos de trabalho direto nas regiões produtoras de cacau, em 2003, e de 56.090, em 2004; capacitação de 33 mil trabalhadores, em 2003, nas diversas práticas agrícolas, com foco no agronegócio regional - e já foram capacitados 20.009 até junho de 2004; criação do Fórum de Órgãos do Governo Federal no sul da Bahia, visando integrar as ações nas regiões produtoras; 
elaboração de 2.586 projetos de crédito rural, em 2003, e de 848, em 2004; elaboração de 137 projetos de pesquisa direcionados ao combate da vassoura-de-bruxa, à cacauicultura e à diversificação de cultivos, em 2003, e de 126, em 2004; convênio MDA, para atendimento à agricultura familiar por meio de assistência técnica, pesquisa e elaboração de 3.395 projetos PRONAF, em 2004; transferência e disponibilização de tecnologias para 24,4 mil produtores, em 2003, já tendo sido atendidos 17.651 produtores até junho de 2004; matrícula nas Escolas Médias de Agropecuária Regional da CEPLAC - EMARC, de 1.284 alunos, em 2003, e de 1.447, em 2004, para formação profissionalizante e tecnológica - convênio com o MDA vai fornecer bolsa remunerada para 50 jovens ""emarqueanos"" fazerem estágio em áreas de agricultura familiar durante 2 anos; enquadramento dos servidores no PCC - Plano de Classificação de Cargos e de Carreiras (Portarias nº 1.975, 1.976 e 1.977, de 11 de dezembro de 2003, e 495, de 1º de abril de 2004), reivindicação dos servidores há 13 anos; Projeto Nova CEPLAC, de institucionalização como órgão de desenvolvimento rural sustentável das regiões produtoras de cacau do Brasil, com o objetivo de viabilizar emprego, renda e conservação dos biomas Mata Atlântica e Floresta Amazônica. Passará a ser chamada Instituto CEPLAC de Desenvolvimento Sustentável das Regiões Produtoras.
	É bom relembrar recente discurso do Presidente Lula, em comemoração ao 82º Dia Internacional do Cooperativismo, em julho deste ano:
""O governo pode fazer muita coisa, se não atrapalhar. Tudo não se resolve na letra da lei. O que o governo tem que ter consciência, e é isso que nós procuramos fazer, é tentar criar as condições, os mecanismos para que, da forma mais livre possível, as pessoas possam se organizar. O governo tem que funcionar como uma espécie de suporte, porque, quando está tudo bem, não se precisa do governo, vamos ser francos"".
	É o que o Governo vem fazendo no setor agropecuário, ou seja, incentiva a organização, implementa programas e ações, busca principalmente não atrapalhar a organização dos agricultores brasileiros, o que gera resultados tão significativos que fazem da nossa agricultura uma das mais importantes do mundo atualmente, abrindo excelentes perspectivas para o futuro da economia nacional.
Era o que tinha a dizer, Sr. Presidente.
Muito obrigado.
	O SR. PRESIDENTE (Hamilton Casara) - Deputado Josias Gomes, esta Presidência se congratula com V.Exa. pela brilhante explanação que fez, em que mostra profundo conhecimento da área de Ciência e Tecnologia, acima de tudo a necessidade da difusão tecnológica para a implementação de todos os programas do Governo.
Parabéns, Deputado Josias Gomes."
2004-11-24T12:42;"DECLARAÇÃO, PRESIDENTE, INCRA, HOMICÍDIO, TRABALHADOR RURAL, MUNICÍPIO, FELISBURGO, MG, ESCLARECIMENTOS.
GOVERNO FEDERAL, PARTIDO POLÍTICO, PT, APOIO, AGRONEGÓCIO.
REFORMA AGRÁRIA, DEFESA.";PELA ORDEM;"O SR. JOSIAS GOMES(PT-BA. Pela Ordem. Sem revisão do orador.) - Sr. Presidente , Sras. e Srs. Deputados, vou tratar de um tema que hoje a imprensa vem destacando com muita ênfase, a posição do Presidente do INCRA em relação a mortes que aconteceram no Estado de Minas Gerais.
	Em primeiro lugar, queremos deixar claro que a posição do PT e do nosso Governo em relação ao agronegócio é de total apoio a este que é um dos setores que têm feito a diferença na economia brasileira.
	Mas outra questão precisa ser situada. Não estamos aqui para fazer um debate ideológico sobre a agricultura familiar e a grande agricultura. Tanto a agricultura familiar quanto a agricultura empresarial são partes do agronegócio. Nosso repúdio é a qualquer fazendeiro, a qualquer empresário rural que proceda como na época do Brasil Colônia, usando força e armas pessoais em defesa do seu patrimônio. É isso o que estamos repudiando, como fez, em boa hora, o Presidente do INCRA. 
Sr. Presidente, não queremos fazer apologia à chamada violência no campo, como fazem alguns setores da imprensa e alguns Deputados da Oposição. A questão é séria. Ao dar à agricultura familiar a força que está dando, ao elevar o valor bruto da produção agrícola brasileira em mais de 40%, o Governo mostra sua atenção para com um segmento importante para a alimentação do brasileiro e responsável por um enorme impacto social.
	Estamos imbuídos da missão de fazer neste País uma grande reforma agrária, capaz de atingir vários companheiros e companheiras que, por falta de opção no campo, tiveram de migrar para as grandes cidades, onde contribuem para o agravamento dos problemas sociais.
	Insisto, não seremos apologistas da violência no campo. A política agrícola deste Governo pregará sempre a paz no campo.
	Era o registro que eu tinha a fazer, Sr. Presidente.
	Muito obrigado."
2005-06-08T16:24;"REQUERIMENTO DE INFORMAÇÃO, DILMA ROUSSEFF, MINISTRO DE ESTADO, MME, PARTICIPAÇÃO, BA, MERCADO, ENERGIA ELÉTRICA, FATURAMENTO, CHESF, RECURSOS FINANCEIROS, DESTINAÇÃO, PESQUISA TECNOLÓGICA, DESENVOLVIMENTO TECNOLÓGICO. 
REQUERIMENTO DE INFORMAÇÃO, LUIZ FERNANDO FURLAN, MINISTRO DE ESTADO, MDIC, RECURSOS FINANCEIROS, EMPRÉSTIMO, REPASSE, EMPRESA TOMADORA DE SERVIÇO, CONCESSIONÁRIA, TRANSPORTE AQUAVIÁRIO, NAVEGAÇÃO MARÍTIMA, BA, INTERVENÇÃO, GOVERNO ESTADUAL.";PELA ORDEM;O SR. JOSIAS GOMES (PT-BA. Pela ordem. Sem revisão do orador.) - Sr. Presidente, apresento 2 requerimentos de informação: o primeiro destina-se à Ministra de Minas e Energia e diz respeito à participação do Estado da Bahia no mercado e no faturamento da CHESF, o volume de recursos aplicados em pesquisa e desenvolvimento pela companhia em instituições do Estado. O segundo é dirigido ao Ministro do Desenvolvimento de Indústria e Comércio e versa sobre os recursos emprestados pelo BNDES ao Consórcio Marítimo da Bahia - COMAB.
2005-06-30T11:38;"ROBERTO JEFFERSON, DEPUTADO FEDERAL, DENÚNCIA, CORRUPÇÃO, COMPROMETIMENTO, GOVERNO FEDERAL, PARTIDO POLÍTICO, PT, LUTA, NATUREZA POLÍTICA, CRÍTICA.
CAMPANHA ELEITORAL, FINANCIAMENTO, ORÇAMENTO PÚBLICO, PARTIDO POLÍTICO, PT, DEFESA.
DEPUTADO FEDERAL, PARTIDO POLÍTICO, PP, PL, RECEBIMENTO, PROPINA, PT, VOTAÇÃO, INTERESSE, GOVERNO FEDERAL, DENÚNCIA, ROBERTO JEFFERSON, CONGRESSISTA, COMISSÃO PARLAMENTAR MISTA DE INQUÉRITO, CPI, POLÍCIA FEDERAL, INVESTIGAÇÃO, CAMPANHA ELEITORAL, FINANCIAMENTO, ORÇAMENTO PÚBLICO, DIFERENÇA.";BREVES COMUNICAÇÕES;"O SR. JOSIAS GOMES (PT-BA. Sem revisão orador) - Sr. Presidente, Sras. e Srs. Deputados, hoje, no País, vivemos dois momentos muito interessantes: primeiro, aguarda-se, com ansiedade, o fim de semana, quando as revistas semanais trarão mais uma avalanche de supostas irregularidades no Governo; segundo, aguarda-se o dia que antecede o depoimento do Deputado Roberto Jefferson, que sempre, por meio do jornal Folha de S.Paulo, faz novas acusações  - sem apresentar provas - a órgãos federais ou a alguém do Partido dos Trabalhadores.
	Hoje, novamente, estamos diante de mais uma acusação do Deputado Roberto Jefferson, desta feita referindo-se a Furnas.
	Ora, da forma como tem sido conduzido esse processo, temos a mais absoluta certeza de que esta Casa vai se transformar num palco em que se promoverá o linchamento público do Partido dos Trabalhadores e dos seus aliados, justamente no momento em que o Governo Lula tem feito pelo País - e os pesquisadores e cientistas têm mostrado -, algo impensável para parte da elite brasileira, que, ao longo de quinhentos e tantos anos, governou o País, privilegiando a política de exclusão social.
	É de se perguntar por que os meios de comunicação, quando tratam do escândalo na Assembléia Legislativa de Rondônia e se referem ao Presidente daquela Casa de Leis ou ao atual Governador do Estado de Rondônia, não citam a que partido eles pertencem nem dão destaque ao partido, assim como o fazem com o Partido dos Trabalhadores. Essa é luta política, e sabemos travar lutas políticas.
	Com muita segurança, o ex-Governador de Pernambuco, Deputado Roberto Magalhães, fez um pronunciamento bastante lúcido em que tratou de forma muito correta a questão das CPIs. Se for para fazer luta política, nós, o PT e sua base aliada, o faremos com toda força e capacidade de atuar em plenário. Se quiserem, porém, proceder a uma investigação conforme o Governo vem fazendo em diversos órgãos - é bom lembrar a Operação Gafanhoto realizada em Estado cujo Governador é filiado ao Partido dos Trabalhadores -, também concordaremos em fazer. 
Nesse sentido, precisamos fazer uma grande discussão, porque esta é uma Casa de acordos políticos, para que possamos prosseguir com as investigações, como está sendo feito na Comissão de Sindicância, no Conselho de Ética e na CPMI dos Correios.
É fundamental, porém, que esta Casa se debruce com muito carinho sobre a questão do financiamento de campanha. Temos interesse nesse tema. O partido, por intermédio de várias bancadas anteriores a esta, já se posicionou favorável ao financiamento público de campanha como forma de corrigir distorções que ocorrem no dia-a-dia da política brasileira.
	De outro lado, é importante fazer distinção entre a questão do mensalão, tratada pelo Deputado Roberto Jefferson e exclusivamente por S.Exa., e as  investigações, realizadas pela CPMI dos Correios e pela Polícia Federal, das questões de financiamento público de campanha, para que não se passe a imagem de que o que está acontecendo no País, a partir da assunção ao Poder do Presidente Lula, é uma tremenda bandalheira generalizada. 
Os acusadores de hoje são pessoas por demais conhecidas. Lembro-me do grande serviço prestado pelo Jornal O Globo, quando publicou a declaração de bens dos Deputados Estaduais, desde a posse no cargo. Se estamos interessados em passar esta Casa a limpo, seria importante fazer algo nessa direção. Vamos verificar as declarações de bens de cada um de nós, Parlamentares, para mostrar ao País que estamos, nesta Casa, querendo fazer um País grande, ou travar uma luta política contra o Partido dos Trabalhadores que é, de longe, quem tem ética e capacidade moral e política para combater a corrupção, neste País."
2005-08-10T16:36;"PROJETO DE LEI, ALTERAÇÃO, LEI FEDERAL, LICITAÇÃO, CONTRATO, ADMINISTRAÇÃO PÚBLICA, CRITÉRIOS, DESEMPATE, CERTAME, PREFERÊNCIA, COOPERATIVA AGROPECUÁRIA, CRÉDITO RURAL, MICROEMPRESA, PEQUENA EMPRESA, PRODUTO NACIONAL, APRESENTAÇÃO.
INDICAÇÃO, MINISTRO DE ESTADO, MINISTÉRIO DA AGRICULTURA PECUÁRIA E ABASTECIMENTO, SEGURO AGRÁRIO, PRODUTOR RURAL, SECA, INUNDAÇÃO, SINISTRO.";PELA ORDEM;"O SR. JOSIAS GOMES (PT-BA. Pela ordem. Sem revisão do orador.) - Sr. Presidente, apresento à Mesa projeto de lei que, na minha concepção, traz novidade em relação à agricultura familiar e prioriza, sobretudo nas horas de empate nas questões de licitações do serviço público, as cooperativas.
	Ao mesmo tempo, encaminho à Mesa indicação ao Ministro da Agricultura, relativa à implementação de um mecanismo de seguro de renda para estabilizar e sustentar a renda do setor agropecuário quando a agricultura enfrentar problemas causados por seca, enchente ou outra intempérie.
	Muito obrigado."
2005-08-17T16:08;AGRICULTURA, PROPRIEDADE FAMILIAR, DESENVOLVIMENTO AGRÍCOLA, BA, RECURSOS FINANCEIROS, PRONAF,  DESENVOLVIMENTO TECNOLÓGICO, AVALIAÇÃO SÓCIO ECONÔMICA.;PELA ORDEM;"O SR. JOSIAS GOMES (PT-BA. Pela ordem. Sem revisão do orador.) -  Sr. Presidente, Sras. e Srs. Deputados, sabemos que a agricultura familiar é a principal geradora de empregos no campo e produz a maioria dos alimentos consumidos no Brasil. Ademais, o setor é responsável por 40% do Valor Bruto da Produção da agropecuária do País. Do total de 4,8 milhões dos estabelecimentos rurais, 4,1 milhões são familiares e ocupam 30,5% da área total.
Atualmente, 72% da produção da cebola, 67% do feijão, 58% dos suínos, 54% da bovinocultura de leite, 49% do milho, 40% de ovos e aves e 31% do arroz advêm da agricultura familiar.
E a Bahia, Sr. Presidente, Sras. e Srs. Deputados, é o Estado com o maior número de produtores de base familiar no Brasil, em termos absolutos. Dos aproximadamente 700 mil estabelecimentos rurais baianos, 623 mil, ou seja, 89% são produtores familiares, superando o índice brasileiro, que é de 85%, e o da região Nordeste, 88%.
O sociólogo Elísio Peixoto, o engenheiro agrônomo José Humberto de Cerqueira e a geógrafa Terezinha da Silva realizaram importante estudo nos dois principais domínios ecológicos existentes no Estado da Bahia, o do subúmido e o semi-árido, e elaboram levantamentos das demandas da agricultura familiar. Concluíram que: ""De modo geral, constatou-se que as primeiras deficiências tecnológicas das atividades produtivas familiares estão associadas às limitações de recursos hídricos, à qualidade dos solos, à disponibilidade de sementes e mudas, ao manejo de criações e aos equipamentos e máquinas necessários às atividades agro-industriais"".
E aduzem: ""Constatou-se ainda que, dentre as expectativas mais importantes em relação à introdução de novas tecnologias ou de melhoria das existentes, destaca-se a maior ocupação da força de trabalho do grupo familiar, o aumento dos rendimentos das atividades desenvolvidas no âmbito dos estabelecimentos, o uso adequado do solo e a maior participação da mulher no processo produtivo"".
Os resultados da atividade familiar na Bahia estão ainda aquém do sucesso alcançado pela agricultura empresarial. Enquanto, por exemplo, os modernos produtores de Barreiras produzem até 10 mil quilos de milho por hectare, os agricultores familiares na região de Irecê conseguem produzir somente 2 mil quilos, em anos favoráveis.
Por isso é que, no corrente ano, a Desenbahia reforçou o volume do crédito do programa Terra Fértil, que objetiva estimular um novo ciclo de desenvolvimento econômico e social na microrregião de Irecê, mediante a valorização da agricultura familiar. Sua área de atuação inclui 16 Municípios, com uma população aproximada de 306 mil habitantes. A agência estadual de fomento destinou R$ 5 milhões, recursos advindos do PRONAF, para o financiamento dos produtores familiares daquela área.
A maior parte dos cadastros aprovados contempla com apoio técnico e creditício os Municípios de Irecê, Barra do Mendes, América Dourada, Barro Alto, Canarana, Central, João Dourado, Mulungu do Morro e Cafarnaum, a totalidade com propriedades de até 100 hectares.
Outro programa que merece destaque é o BahiaCitros, com a destinação de R$ 5 milhões para financiamentos a citricultores com áreas inferiores a 20 hectares pulverizados por 24 Municípios do Litoral Norte, do Recôncavo Sul, da Chapada Diamantina, de Paraguaçu, do Extremo Sul, Oeste e Nordeste. O programa foi criado com o objetivo de revitalizar a citricultura no Estado, que, a despeito de ocupar a segunda posição dentre os maiores produtores brasileiros, depende, ainda, de fatores climáticos e dispõe de baixos indicadores tecnológicos.
Vale salientar a importância do Probiodiesel Bahia, desenvolvido segundo as diretrizes do Programa Nacional de Produção e Uso do Biodiesel, que tem a mamona como foco principal de produção. Ao escolher a mamona, o Governo identificou a agricultura familiar como um dos aspectos principais do programa.
	O Estado da Bahia produz 133 mil toneladas de mamona. O Governo baiano objetiva alcançar 282 mil hectares de área plantada em 3 anos. Isso significará um aumento de 140 mil hectares, um incremento significativo dentro do Programa de Desenvolvimento da Lavoura Familiar de Mamona, ainda mais porque o Estado produz 90% da mamona no Brasil. Jacobina, Seabra, Senhor do Bonfim, Itaberaba e Caetité são os principais produtores, sendo Irecê responsável por 80% da produção baiana.
Como incentivo, o Governo criará certificados sociais para os produtores que estimularem a participação de agricultores familiares na fabricação de biocombustível. Com tal certificado, os produtores serão beneficiados com incentivos fiscais.
Importante, também, é o denominado Projeto Tucano, que abrange os Municípios de Tucano, Cipó, Ribeira do Amparo, Ribeira do Pombal, Banzaê e Cícero Dantas, cujo objetivo é a implantação de um grande pólo hortícola no nordeste baiano. O projeto tem como escopo beneficiar 2 mil famílias carentes do Polígono das Secas, mediante o aproveitamento do potencial de água subterrânea da bacia sedimentar de Tucano.
Sr. Presidente, Sras. e Srs. Deputados, a prioridade à agricultura familiar se justifica pela importância socioeconômica que este tipo de organização social e produtiva representa na área rural brasileira.
Sua importância se evidencia quando sabemos que, de acordo com dados do MDA, 7,5 de cada 10 empregos no campo são gerados pela agricultura familiar, segmento que melhor responde ao conceito de desenvolvimento sustentável.
	É necessário, portanto, qualificar, cada vez mais esses agricultores, dando-lhes acesso à tecnologia. Deve-se objetivar a disseminação das tecnologias disponíveis para a agricultura familiar, através de informações, conhecimentos e práticas operacionais modernas. Daí a importância das atividades extensionistas.
Além disso, a agricultura familiar, segundo a EMBRAPA, ""atende nichos de mercados específicos, cria oportunidades de geração de divisas e contribui para a diversificação do uso do espaço rural, incluindo atividades que preservam o meio ambiente""
Sr. Presidente, solicito a V.Exa. que meu pronunciamento seja divulgados nos órgãos de comunicação da Casa.
Era o que tínhamos a dizer.
Muito obrigado."
2005-08-23T16:10;"CODEVASF, BA, ATUAÇÃO, AVALIAÇÃO, ELOGIO.
ÁGUA.";PELA ORDEM;"O SR. JOSIAS GOMES (PT-BA. Pela ordem. Pronuncia o seguinte discurso.) - Sr. Presidente, Sras. Deputadas e Srs. Deputados, é com satisfação e, por que não dizer, com uma ponta de orgulho que me dirijo a V.Exas. para apresentar um breve relato das ações que a CODEVASF - Companhia de Desenvolvimento dos Vales do São Francisco e do Parnaíba vem desenvolvendo no Estado da Bahia. Se é verdade que podemos aprender com nossos erros, também é verdade que os sucessos, inclusive os de outros,  podem ser grandes mestres. A história recente da CODEFASF é uma história de sucessos, cheia de exemplos e, como tal, prenhe de lições para um país onde, talvez, bons projetos sejam o bem mais raro. 
São essas lições, Sr. Presidente, as lições dos bem-sucedidos programas de desenvolvimento regional empreendidos pela CODEVASF que quero partilhar com os nobres pares desta augusta assembléia. Oxalá a semente caia em solo fértil!
De acordo com relatório recentemente dado a público, as atividades da CODEVASF em meu Estado abrangem 3 linhas de ação: o Programa de Transferência de Gestão dos Perímetros Públicos de Irrigação,  o Programa de Desenvolvimento Integrado e Sustentável do Semi-Árido - CONVIVER e o Programa de Promoção e Inserção Econômica em Sub-regiões  - PROMOVER.
O Programa de Transferência de Gestão visa a preparar os perímetros para a autogestão, envolvendo atividades nas áreas de administração, operação e manutenção, apoio à produção, administração fundiária, ações ambientais, estudos, fiscalização e custeio operacional. Mas, além dessas, há ações nas áreas de regularização fundiária e retomada de lotes inexplorados, assistência técnica especializada, pesquisa e difusão de tecnologia e recuperação de infra-estrutura. 
O Programa CONVIVER destina-se à perfuração e implementação de poços tubulares em Municípios baianos e a projetos de aproveitamento de canais dos perímetros de irrigação para piscicultura. Já o PROMOVER tem por objetivo apoiar iniciativas locais (denominadas ""arranjos produtivos"") nas áreas de apicultura, aqüicultura e ovinocaprinocultura, contemplando a construção de instalações apropriadas e a capacitação de produtores.
Permita-me, Sr. Presidente, apresentar alguns números que possam dar uma idéia da ordem de magnitude dos 3 programas.
No corrente ano, 16 perímetros, com área total irrigada superior a 90 mil hectares, serão objeto de ações da CODEVASF, no Estado da Bahia. Em apenas 6 desses perímetros situados na região Petrolina/Juazeiro estão sendo beneficiados cerca de 2.800 agricultores e quase 300 empresas agrícolas, que, em seu conjunto, empregam 41 mil trabalhadores na produção de manga, uva, coco verde, goiaba e banana, além de gerar outros 82 mil empregos indiretos. O valor bruto da produção desses 6 perímetros ultrapassou a cifra de 340 milhões de reais, no ano de 2004. Pode parecer pouco para a economia brasileira, mas é uma soma muito expressiva para a economia de um pequeno rincão do empobrecido Nordeste. São desses perímetros que advêm 90% da manga exportada pelo Brasil e quase 100% da uva. Em contrapartida, o conjunto desses perímetros deverá ser aquinhoado, neste ano de 2005, com um montante de recursos que não chega a 40 milhões de reais. Não sou especialista em finanças, mas me parece que temos aqui um exemplo de investimento de alto retorno não apenas financeiro, mas também social.
Para melhor se poder apreciar o alcance da atuação da CODEVASF, traçarei, em largas pinceladas, um pano de fundo do problema mais amplo da irrigação da região semi-árida. 
Atentemos, nobres colegas, para os seguintes fatos. A água, pela própria condição do Semi-Árido, é muito escassa, ou, na melhor das hipóteses, de suprimento irregular. Seu custo econômico é, por conseguinte, muito alto. Apesar disso, todos a tratam como se fosse uma inesgotável dádiva da natureza, um recurso livre para ser usado gratuitamente e ""abusado"". Pretende-se ignorar que a agricultura tem de competir pelo precioso líquido com as mais diferentes atividades - em especial com a geração de energia. Pois com tudo isso o desperdício é a principal característica do uso da água em todo este nosso grande País, e não apenas no Nordeste. Não satisfeitos de deixar ""sair pelo ralo"" a água, às vezes partem para destruir as próprias fontes, dado o descaso com que tratamos os nossos corpos d'água.
Sr. Presidente, nobres colegas, atrevo-me a afirmar que a histórica atitude da sociedade brasileira em relação à água não tem sido de muito zelo. Não estou usando uma figura de retórica. É só observar o estado de degradação do Rio São Francisco, para só mencionar um dos muitos casos dramáticos em que podemos constatar tal afirmação. Felizmente, o Governo Lula está envidando esforços e juntando recursos financeiros para promover a revitalização desse importante rio. Ademais; vale observar que os cerca de 20 mil reservatórios do Nordeste, com sua pouca profundidade e extensa lâmina d'água, perdem mais água por evaporação do que por qualquer outro uso. Quem tiver notícia que 95% daqueles 20 mil açudes não contam com equipamentos e estruturas hidráulicas adequadas a sua operação, sendo praticamente inúteis para fins agrícolas, saberá exatamente do que estou falando.
Sr. Presidente, nobres colegas, a ineficiência é apenas uma das múltiplas facetas do problema. Nenhuma análise do uso da água no Nordeste pode ignorar a espinhosa questão das dificuldades de acesso ao precioso recurso. A eqüidade distributiva é um dos esteios da sociedade moderna. Ou é resolvida a contento, ou se transforma em fonte permanente de conflitos. Conflitos esses que se tornam explosivos, quando se trata do acesso a um recurso tão vital como é a água.
Pessoas que vivem à beira dos grandes reservatórios, muitas vezes não têm água para beber, Sr. Presidente! É fato notório que a água no Nordeste ainda está basicamente em mãos de algumas grandes propriedades, ou nos perímetros irrigados. Os agricultores familiares que têm tido acesso à água ainda são minoria; poucos deles têm sido bem-sucedidos, estando a maior parte inadimplente. Somente poucas empresas têm condições de se beneficiar de uma tecnologia de ponta como a irrigação. Com uma população rural composta por 40% de analfabetos é difícil, se não impossível, implementar políticas de irrigação com seus instrumentos sofisticados. Políticas de irrigação dificilmente atingem aqueles segmentos da sociedade que, além da absoluta falta de capacitação, não têm acesso a outros serviços como, por exemplo o crédito e a informação. É, pois, utopia acreditar que a irrigação seja a redenção da agricultura nordestina e a solução de seus graves problemas sociais.
É contra esse pano de fundo que me regozijo com a atuação da CODEVASF e cumprimento sua dinâmica diretoria, composta de nordestinos e nordestinas absolutamente integrados no resgate da função social da CODEVASF e da água para o povo sertanejo. Louvo o nosso Presidente Luiz Carlos Everton, o Diretor de Engenharia Clementino Coelho, a Diretora de Administração Ana Lourdes, bem como os Srs. Jonas Paulo e Alcides Modesto, das Superintendências de Bom Jesus da Lapa e Juazeiro, respectivamente. 
Falta muito por fazer, todos sabemos disso. O que me alegra e me traz esperança é a amplitude dos programas e projetos que aquela já veneranda instituição tem, com rara eficiência, transplantado do papel para o campo. Trata-se de projetos viáveis, realistas. Não apresentam os milagres que todos gostaríamos de ver, mas começam a produzir frutos que se hão de multiplicar."
2006-03-08T15:30;SISTEMA DE PROTEÇÃO DA AMAZÔNIA, SIPAM, VISITA, FUNCIONAMENTO.;PEQUENO EXPEDIENTE;"O SR. JOSIAS GOMES (PT-BA. Pronuncia o seguinte discurso.) - Sr. Presidente, Sras. e Srs. Deputados, ocupo a tribuna, no dia de hoje, para falar de um dos mais relevantes projetos tecnológicos em execução no País: o Sistema de Proteção da Amazônia - SIPAM.
Estive em visita ao Centro Técnico, localizado na cidade de Porto Velho, Rondônia, onde, acompanhado pelo gerente da unidade, José Neumar Moraes da Silveira, tive a oportunidade de conhecer as instalações e receber explicações sobre as diversas áreas de atuação do SIPAM.
O SIPAM foi concebido para integrar informações e gerar os conhecimentos necessários para a articulação, planejamento e coordenação de ações globais de governo na Amazônia Legal brasileira.
Para atingir esse objetivo, o Sistema está estruturado sob a forma de subsistemas integrados de sensoriamento remoto, radares, estações meteorológicas e plataformas de coletas de dados, que fornecem informações relativas a 3 áreas básicas: análise ambiental, monitoramento territorial e meteorologia e climatologia.
Na área de análise ambiental, o Sistema gera informações sobre cobertura vegetal, hidrologia, ecossistemas, uso e ocupação dos espaços.
A partir dos dados coletados, após sua análise, interpretação e modelagem, é possível avaliar as transformações da cobertura vegetal, resultantes das alterações naturais ou produzidas pelo homem, e os eventuais riscos ambientais ou à saúde, bem como determinar padrões de uso e ocupação do território e o cenário socioambiental.
No que concerne ao monitoramento territorial, o Sistema de Proteção da Amazônia fornece recursos para o acompanhamento dos movimentos aéreos, terrestres e fluviais, além de permitir a identificação e a localização de  plantações e áreas de mineração e de assentamentos e campos de pouso irregulares. A partir das informações do SIPAM, é feita análise de movimentos suspeitos e cartogramas com a localização dos campos de pousos e áreas de mineração ilegais e de polígonos de desmatamentos.
Por fim, com relação à meteorologia e climatologia, os dados obtidos possibilitam a realização de previsões meteorológicas, alertas de perigo e estudos climatológicos, a partir da elaboração, entre outros, de mapas de umidade relativa, de precipitações, de velocidade e direção dos ventos, de monitoramento da camada de ozônio, de detecção de raios e de riscos à navegação aérea e fluvial.
Em complemento a essas áreas básicas de atuação, as informações produzidas pelo Sistema de Proteção da Amazônia também são utilizadas no planejamento e o controle de operações.
Por meio do fornecimento de equipamentos de radiodeterminação; de análises de cenários, de riscos e de avaliações de recursos; e de planos de rotas, de comunicações, de missões aéreas e de operações, o SIPAM provê infra-estrutura e logística de apoio ao planejamento de operações, conjuntas ou isoladas, de órgãos federais, estaduais e municipais, em atividades de campo.
É importante destacar, Sr. Presidente, Sras. e Srs. Deputados, que o SIPAM, embora federal, tem por usuários não só os órgãos federais, mas também os órgãos estaduais e municipais que tenham atuação nas áreas de planejamento, meio ambiente, saúde, segurança pública e fiscalização.
São mais de 700 terminais - remotos e urbanos -, instalados na região amazônica e em Brasília, que tornam disponíveis os produtos e serviços do Sistema, permitindo aos usuários ter acesso a informações sistematizadas em tempo próximo ao real.
Além disso, foram instalados, nas cidades de Belém e Porto Velho, Centros Técnicos e Operacionais e, na cidade de Manaus, outro Centro Técnico Operacional e um Centro de Apoio Logístico.
Sr. Presidente, Sras. e Srs. Deputados, a integração da região amazônica sempre foi prioridade nacional, tendo motivado uma série de ações governamentais que não obtiveram o êxito esperado. 
Nos últimos anos, essa condição de prioridade foi acentuada, em razão de 2 fatores: o incremento do narcotráfico na região e o aumento da cobiça internacional pelos recursos naturais. Em conseqüência, mostrava-se urgente a adoção de medidas que garantissem a defesa da soberania brasileira na região, afastando os riscos de intervenção estrangeira, sob a falsa bandeira de que a Amazônia, pela sua relevância, deveria ser um patrimônio da humanidade e não de um país específico.
Nesse contexto, deve ser elogiada a iniciativa do Governo brasileiro de investir recursos na consolidação do SIPAM, uma vez que não só dota o Brasil de instrumento essencial para políticas públicas, como, também, reforça a presença do Estado brasileiro na região, dando um claro recado à comunidade internacional de que a Amazônia é brasileira.
Muito obrigado."
2006-04-27T14:54;MUNICÍPIO, IPIRÁ, BA, ANIVERSÁRIO DE FUNDAÇÃO, HOMENAGEM.;PELA ORDEM;"O SR. JOSIAS GOMES (PT-BA. Pela ordem. Sem revisão do orador.) - Sr. Presidente, Sras. e Srs. Deputados, Ipirá, importante e próspera cidade, porta de entrada do sertão da Bahia, completou 151 anos. 
Não poderia furtar-me a fazer este relevante registro para nosso Estado. Parabenizo o Prefeito, a sua equipe e a comunidade de Ipirá, uma das mais importantes cidades do sertão baiano."
2006-05-03T16:44;"REPRESENTAÇÃO, JOSIAS GOMES, PROCESSO DISCIPLINAR, PERDA, MANDATO PARLAMENTAR, PARECER FAVORÁVEL, CONSELHO DE ÉTICA E DECORO PARLAMENTAR.
JOSIAS GOMES, DEPUTADO FEDERAL, VIDA PÚBLICA, ATUAÇÃO PARLAMENTAR, AVALIAÇÃO.";OUTROS;"O SR. JOSIAS GOMES (PT-BA. Pronuncia o seguinte discurso.) - Sr. Presidente, Sras. e Srs. Deputados, os últimos meses seguramente integram os momentos mais dolorosos de toda a minha existência. Tenho vivido, pessoal e politicamente, verdadeiro calvário, que hoje, com certeza, terá a derradeira estação.
Sempre busquei pautar minha vida, na convivência com os meus filhos e na vida pública, não só pelos ensinamentos sobre os caminhos retos e honrados do bem, mas sobretudo pelo exemplo, como fez meu pai com todos os filhos. 
Somente quem viveu situação semelhante há de saber o quanto é difícil e doloroso manter-se em pé, íntegro, e olhar para um filho que acompanha o ecoar de graves acusações assacadas contra seu pai pelos 4 cantos do País. São momentos realmente muito difíceis os que os Deputados que passaram pela situação por que eu estou passando enfrentam em seu lar.
O episódio a que me refiro ficou conhecido como mensalão - assim é tratado por todos -, grife cunhada bem ao gosto do factóide e da análise superficial de parte da mídia e rapidamente assimilada pelo folclore e imaginário popular. No entanto, jamais se materializou em provas conseqüentes e em fundamentação lógica. 
Passei a ser acusado de receber importância em dinheiro para votar com o meu partido, o único que integrei em toda a minha política, o partido que ajudei a constituir. Fui acusado de receber valores para apoiar o Governo do Presidente Lula, Governo que ajudei a eleger e a constituir. Receberia, então, dinheiro para votar nas medidas e proposições em que acreditei por toda a minha vida e que defendo hoje, ainda com o mesmo ímpeto com que defendi em minha juventude. 
Dentre esses, estou eu, que sempre votei a favor do Governo Lula por absoluta convicção, por realmente acreditar em suas intenções e ações. Jamais precisaria de qualquer incentivo para fazê-lo. Motivam-me suficientemente a minha história, a minha ideologia e a crença em uma sociedade mais justa. São esses os motivos que me fazem votar sempre alinhado com as propostas do Governo Lula. 
Quero, meus Deputados, minhas colegas Deputadas, tratar um pouco - não vou me ater a isso por muito tempo - da minha vida. Para aqueles que não me conhecem na intimidade, vou pedir permissão para falar um pouco da minha vida.
Tudo o que construí e conquistei na minha vida foi resultado de muito esforço e superação. Sou filho de um pequeno agricultor sertanejo, que, fugindo da seca lá em Pernambuco, chegou à zona da mata de Pernambuco, onde trabalhou, durante 35 anos, na Usina União Indústria. Aposentou-se recebendo salário mínimo. Estudei no Ginásio Agrícola de Escada, em Pernambuco, em regime de internato; de outra forma, minha família não poderia custear os meus estudos. Para ajudar nas minhas despesas naquele Ginásio, eu plantava coentro, criava galinhas e os vendia naquelas feiras regionais, para que eu pudesse me manter naquele estabelecimento de ensino gratuito federal. 
De 8 irmãos que somos, só eu e outro ingressamos na universidade. Foi quando ainda cursava Agronomia na Universidade Federal da Paraíba, em 1980, que começou a minha ligação com o Partido dos Trabalhadores.
Participei de sua primeira campanha de filiação, no Estado da Paraíba. Corri o Estado inteiro. Pegava o dinheiro do crédito educativo, deslocava-me para as cidades para fazer filiação e, lá, fazia ""vaquinha"" para voltar para o Município de Areia. Desde então, minha vida sempre esteve envolvida com o PT. Daquela época até os dias atuais, fui filiado a esse partido, e muito me honra ter participado da sua fundação.
Lá no Estado de Rondônia, onde fui trabalhar por ter sido demitido da Usina União e Indústria, em 1982, eu me tornei Secretário de Organização do PT, entre 1983 e 1984, e Secretário-Geral, pelos anos de 1985 a 1987. Coordenei a campanha Diretas-Já, no Estado de Rondônia. Em 1985, nas primeiras eleições majoritárias municipais pós-ditadura, fui candidato pelo PT a Vice-Prefeito de Porto Velho. Coordenei, em 1986, a campanha petista ao Governo de Rondônia. 
Em 1989, já na Bahia, participei da coordenação da primeira campanha de Lula à Presidência da República. Depois, coordenei campanhas do PT em diversos níveis. E modestamente ajudei a constituir o partido na Bahia, tendo exercido os cargos de Secretário-Geral e Presidente, eleito por 2 vezes.
Fui o primeiro Presidente do PT eleito na Bahia, com o voto direto de mais de 10 mil filiados, em 2001. E justamente por honrar essa representação a mim concedida tenho aproveitado todas as oportunidades para me explicar perante o povo baiano e brasileiro.
Conquistei o mandato de Deputado Federal com cerca de 75 mil votos, distribuídos em 384 Municípios de meu Estado. Tenho imenso orgulho dessa representação, que me foi concedida pelo glorioso povo baiano, nas urnas, em 2002, e de ter recebido votos em praticamente todos os Municípios de meu Estado. 
Tenho de aproveitar e venho aproveitando essas oportunidades, porque sei da dimensão do estrago e dos prejuízos que a mentira muitas vezes repetida e a dúvida lançada ao vento podem causar à imagem de um homem, especialmente de vida pública, como é o meu caso.
Aproveito, então, mais esta oportunidade para transmitir aos colegas Parlamentares esses esclarecimentos. O envolvimento do meu nome em todo esse episódio se deve ao fato de, em 2002, eu ser o Presidente Estadual do meu partido, na Bahia. 
Terminado o pleito eleitoral, restam, como todos nesta Casa sabem, alguns compromissos a saldar. Busquei, então, o apoio do Diretório Nacional do meu partido para solucionar problemas e dificuldades de alguns companheiros, candidatos não eleitos e endividados com a campanha eleitoral.
Dirigi-me à Tesouraria Nacional do partido. Depois de alguma insistência, obtive a orientação do então Tesoureiro Nacional de buscar os recursos no Banco Rural, o que foi feito.
Quero deixar claro que ao longo de mais de 25 anos de vida pública, tendo sido Diretor de Assembléia Legislativa, Secretário Municipal, em nenhuma dessas atividades em que manuseei recursos públicos - em nenhuma delas - respondi a inquérito ou recebi acusação de malversação de recursos públicos.
Certo de tratar-se, no caso da minha ida ao banco, de simples transferência de recurso da direção nacional para a presidência do partido no Estado, eu fui pessoalmente à agência do Banco Rural. E, como prova de que eu estava agindo de boa-fé, eu me identifiquei, apresentando a minha carteira parlamentar, para que sua cópia fosse juntada ao recibo do numerário. Jamais poderia imaginar que praticasse, naquele momento, alguma irregularidade e que aquela instituição bancária fosse seu instrumento.
É para isso que eu chamo a atenção dos Srs. Deputadas e das Sras. Deputadas. Eu fui em pessoa ao Banco Rural, deixei a minha carteira parlamentar como prova de que eu fui buscar o recurso que a mim tinha sido destinado pelo Diretório Nacional. Eu não estava praticando nenhum ato ilícito e muito menos agindo de má-fé. Ao contrário, eu fui em pessoa por acreditar que estava apenas, como quero reafirmar, recebendo do Diretório Nacional aquele numerário a que já me referi.
Quero falar um pouco do que está dito no relatório, para que todos possam ter a clareza do que estou tratando.
O digno Relator, nosso colega Deputado Antonio Carlos Mendes Thame, funda seu parecer, que propõe minha condenação, na suposta ""origem ilícita ou procedimento ilícito"" que, segundo ele, viciaria ""irremediavelmente qualquer propósito ou resultado perseguido ou obtido ulteriormente a partir do recurso ao ilícito"".
Todavia, Sras. e Srs. Parlamentares, a prova levantada nos autos - a realidade - não diz, não corrobora e não leva à conclusão que o Relator inexplicavelmente encontra.
Sempre afirmei ter recebido a importância de 100 mil reais. Da mesma forma, sempre afirmei, e reafirmo agora, que jamais poderia imaginar que se tratasse de recurso com origem ilícita. Repito: está nos autos, com provas documentais. Eu próprio fui à agência do Banco Rural e apresentei minha própria carteira parlamentar para que fosse fotocopiada e juntada ao recibo da importância que recebi.
Pergunto, Excelências: Esse seria o procedimento de quem recebe importância ilícita? A algum dos Srs. Parlamentares cabe que eu iria ao banco sabendo ser aquele recurso de fonte ilícita? Onde estão, nos autos, as provas de que eu conhecia a origem escusa desse dinheiro? Não existem tais provas por uma simples razão: eu, efetivamente, compreendia estar cumprindo missão partidária com absoluta boa-fé. Jamais poderia supor a origem ilícita desses recursos.
Somente fiquei sabendo da existência do publicitário Marcos Valério e do suposto esquema de intermediação de recursos após a divulgação pela mídia. Jamais tive contato com ele ou com esse suposto esquema.
Assim, Sras. e Srs. Parlamentares, como poderia eu estar a praticar conduta atentatória ou incompatível com o decoro parlamentar se efetivamente não tinha conhecimento, sequer possuía elementos, para supor a ilicitude dos recursos que me foram entregues?
Embora sempre seja demasiadamente difícil fazer prova negativa, ou seja, provar o que não ocorreu, ainda assim, ao longo do processo, ficou definitivamente claro tudo o quanto afirmei. As provas testemunhais - os ex-candidatos não eleitos e o dirigente estadual do partido vieram ao Conselho de Ética - afirmam e comprovam os repasses que eu havia já dito no Conselho, e em todas as oportunidades que tive. Eles receberam. E foram juntadas cópias de notas fiscais igualmente comprobatórias de minhas afirmativas de desconhecimento da ilicitude dos recursos. Vale observar, em reforço, que tais testemunhas e documentos não foram contraditados.
Se o Sr. Relator tem dúvida quanto ao destino dos recursos, mesmo contrariamente às provas produzidas, de uma coisa todos podem ter uma certeza: não é em meu patrimônio que tais recursos se encontram.
Meu patrimônio era, e é, absolutamente modesto, se resume a uma casa de moradia em Itabuna, onde resido com minha família, adquirida por financiamento habitacional (para os baianos que a conhecem) da URBIS, e um automóvel adquirido via consórcio. O único acréscimo em meu patrimônio, de 2003 para cá, é um automóvel que serve aqui em Brasília ao meu gabinete. Esse automóvel foi comprado também por financiamento, pago em 36 vezes - acabei de pagar esse financiamento agora no mês de fevereiro.
Outro ponto a merecer destaque é a alegada falha de minha parte em prestar contas à Justiça Eleitoral dos recursos recebidos. Contudo, a lei não deixa dúvidas, os agentes responsáveis pela doação e pelo recebimento têm a obrigação de declarar e prestar contas. Como sempre declarei, apenas recebi da Tesouraria Nacional do PT e repassei as importâncias para os candidatos não eleitos e endividados no pleito de 2002.
Poderia ser dispensável, mas, para dar seqüência à linha de argumentação, é de se lembrar que a Constituição Federal e o Direito brasileiro consagram o princípio da presunção de inocência.
O mandato parlamentar e o trabalho que tenho desempenhado são para mim absolutamente sagrados. Minha família tem a exata dimensão de quanto significa e quantas privações decorrem dessa integral dedicação de meu tempo e minhas energias ao povo da Bahia. A representação que me foi concedida dedico à defesa da agricultura brasileira e baiana, em especial.
Tenho a convicção de que um País melhor será construído, na medida em que consigamos fixar no campo as famílias rurais e dar-lhes possibilidades reais de crescimento, conforto e emancipação. Para isso é preciso conciliar o agronegócio com a valorização e o incentivo às pequenas propriedades rurais, à agricultura familiar, e ampliação da assistência técnica. Este caminho venho modestamente trilhando, apoiando o Governo do Presidente Lula nesta Casa.
Há ainda muito a fazer. A cacauicultura na Bahia, por exemplo, deve merecer atenção especial, na medida de seu potencial de gerar emprego e renda capazes de recuperar uma região economicamente deprimida, como é o sul da Bahia. Este trabalho tenho a certeza de que continuarei fazendo e, para tanto, conto com o voto de S.Exas., Deputados e Deputadas.
Em face das razões aqui apontadas, refuto as acusações que me são impostas. Não sou corrupto. Jamais o serei. Sei que não existem provas para que eu seja condenado à perda do mandato que me foi concedido pelo povo baiano. Confio que S.Exas., que se dedicaram a ler atentamente as peças e depoimentos do processo, votarão pela minha absolvição, permitindo aos eleitores da Bahia a soberana decisão de julgar o meu trabalho e o meu mandato no próximo mês de outubro.
Agradeço aos colegas pela forma com que fui tratado neste momento delicado. Quero agradecer de coração. Foram muitas as manifestações de carinho que recebi de meus colegas Parlamentares e por toda a Bahia, mesmo por aqueles que ainda não manifestaram a total compreensão e entendimento dos fatos ocorridos. A severidade, independentemente das análises contra ou a favor, foi uma marca que esta Casa política aprofundou no meu sentimento humano e político.
Por fim, penso que o Congresso Nacional começou a caminhar no sentido da reforma da lei eleitoral e da limitação dos gastos de campanha. Confiando em Deus primeiramente e nos Srs. Deputados e nas Sras. Deputadas desta Casa, continuarei Deputado, defendendo os interesses do glorioso povo baiano.
Muito obrigado e um grande abraço a todos."
2006-06-28T15:44;"CRISE, AGRICULTURA, AGRONEGÓCIO, POLÍTICA AGRÍCOLA, SAFRA, PRODUTOR RURAL, PROPRIEDADE FAMILIAR, ASSISTÊNCIA TÉCNICA, PROGRAMA NACIONAL DE FORTALECIMENTO DA AGRICULTURA FAMILIAR, PRONAF, GOVERNO FEDERAL, LUIZ INÁCIO LULA DA SILVA, PRESIDENTE DA REPÚBLICA, ATUAÇÃO, ELOGIO.
BA, AGRICULTURA, AGRONEGÓCIO, PRODUTO FLORESTAL, AVALIAÇÃO.
COMBUSTÍVEL ALTERNATIVO, ÓLEO VEGETAL, ÓLEO DIESEL, PETROBRAS, ANÚNCIO.";GRANDE EXPEDIENTE;"O SR. JOSIAS GOMES (PT-BA. Sem revisão do orador.) - Sr. Presidente, Sras. e Srs. Deputados, já me referi, nesta tribuna, à minha origem rural. Sou agrônomo, e por isso mesmo integro a Comissão de Agricultura e Política Rural, da Casa. A área de concentração da minha atividade parlamentar não haveria de ser outra. 
Venho pois a esta honrada tribuna para, entre outras questões, tratar do tema da minha preferência: a agricultura.
Creio ser nosso dever, como homens públicos, com responsabilidade sobre os destinos da Nação, acompanhar os acontecimentos, avaliar, criticar, quando for o caso, e apontar possibilidades e caminhos ao setor agropecuário brasileiro. Temos, assim, o dever de estudar, debater e tomar decisões que fortaleçam o setor, que, para o Brasil, além da importância econômica, possui grande relevância estratégica para a estabilidade social do País.
É do campo que saem os alimentos que abastecem as cidades, assim como a matéria-prima que move grande parte das indústrias e, por via de conseqüência, o comércio, sendo responsável por grande volume de divisas que entram no País com as exportações.
Investir na infra-estrutura e em melhores condições, para que o homem do campo possa trabalhar, produzir e viver, evita problemas nas cidades, gera renda, cria empregos, fortalece a economia nacional e melhora a vida de todos. O Governo do Presidente Lula está atento a isso, especialmente no que tange às necessidades multifacetadas do campo.
É necessário não descuidar do agronegócio, que, no Brasil, é responsável por 34% do PIB nacional, por 37% da população empregada e por nada menos do que 39 bilhões de dólares em exportações, constituindo-se na principal força responsável pelo superávit em nosso comércio internacional.
Da mesma forma, as políticas de governo não podem descurar da agricultura familiar, que ocupa 77% do total de pessoas que trabalham no campo, estabelecidas em 30,5% da área total dos estabelecimentos rurais. 
A agricultura familiar é a principal responsável pela segurança alimentar do País. A ela são creditados 67% da produção nacional de feijão, 84% da mandioca, 31% do arroz, 49% do milho, 52% do leite, 59% de suínos, 40% de aves e ovos, 25% do café e 32% da soja.
Outro ponto basilar para o progresso equilibrado do setor agropecuário nacional, que vem merecendo especial atenção do Governo, é o da pesquisa e assistência técnica rural. A EMBRAPA representa hoje a excelência da pesquisa agropecuária no Brasil. De acordo com especialistas na área, a EMBRAPA desenvolve cerca de 52% dos projetos em agricultura no País, cabendo aos Governos estaduais e às universidades, respectivamente, 20% e 21%.
A assistência técnica tem sido fundamental para o progresso e a geração de emprego e renda pela agricultura familiar e também para viabilizar os assentamentos da reforma agrária. Assim atingimos, no ano de 2005, a marca histórica de 452.758 famílias assentadas atendidas pela Assistência Técnica e Extensão Rural.
A despeito da política conseqüente e da priorização que o Governo tem conferido ao setor agropecuário brasileiro, o agronegócio passa, no momento, por grave crise. Situação inimaginável há 2 anos, quando, com orgulho e ufanismo, divulgávamos as qualidades e a riqueza de nosso agronegócio. Pois hoje estamos diante de nova crise, decorrente de conjunção de vários fatores: câmbio; excesso de produção mundial com depressão dos preços dos produtos agrícolas; elevação de custos, seja pelos altos juros da economia brasileira, seja pelo exercício deletério de ações cartelizadas na oferta de insumos à agricultura e na compra de seus produtos.
No período entre agosto de 1994 a setembro de 2005, considerando-se os agregados, os pagamentos efetuados superaram os preços auferidos pelo produtor em 38%. Ainda que a safra 2005/2006 tenha registrado o crescimento da produtividade em 11,12%, em relação à safra 2004/2005 - com a colheita de 122,6 milhões de toneladas -, os ganhos são anulados em razão da queda dos preços.
A propósito, no final do mês de maio próximo passado, o Governo Federal anunciou conjunto de ações estruturais contidas no Plano Agrícola e Pecuário 2006/2007 e medidas emergenciais tendentes a fazer frente à atual crise de preços e renda. As medidas seguem a esteira das resoluções do Banco Central, de 24 de abril deste ano, que dispõem sobre créditos à comercialização e reprogramação de financiamentos de custeio e das operações de investimento agropecuário. 
Nunca os setores empresariais do agronegócio brasileiro foram tão sobejamente contemplados, com renegociações e alongamentos da dívida, apoio à exportação e crédito rural em quantidade suficiente e a juros fixos.
Confio, pois, Sr. Presidente, Sras. e Srs. Deputados, em que as medidas adotadas estão no correto rumo e darão continuidade ao virtuoso trabalho que vem desempenhando o Governo do Presidente Lula. Sabe-se que muito há ainda a fazer pelo setor agropecuário, mas, se olharmos para o passado recente, no campo da agricultura familiar, do seguro agrícola, da eletrificação rural e da reforma agrária, a comparação com o Governo anterior demonstra indesmentível progresso. 
A agricultura familiar recebe hoje o maior crédito da sua história - serão disponibilizados 9 bilhões de reais para financiar o produtor no Plano Safra 2005/2006.
Neste ano, o Programa Nacional de Assistência Técnica e Extensão Rural terá volume de recursos da ordem de 100 milhões de reais, o que deverá propiciar atendimento a cerca de 500 mil produtores familiares.
O Seguro da Agricultura Familiar também já é realidade. Lançado em setembro de 2004, hoje já conta com 500 mil agricultores familiares, que têm suas lavouras seguradas pelo Seguro da Agricultura Familiar - SEAF.
Nos contratos do PRONAF, por exemplo, é bastante nítida a evolução da oferta de crédito em relação ao Governo anterior. A média anual de contratos de financiamento do PRONAF, no Governo Fernando Henrique, foi da ordem de 900 mil contratos, enquanto o Governo Lula apresenta média anual de 1.426.507 contratos. Ou seja, a média anual de contratos do PRONAF no Governo Lula é quase 57% maior que no Governo de Fernando Henrique. Se analisarmos as médias pelo montante aplicado em reais, a média anual do Governo Lula é 72% maior do que a do Governo anterior - com respectivamente 5,36 bilhões de reais contra 3,12 bilhões de reais. E, se compararmos as médias anuais dos contratos do PRONAF realizados somente na Região Nordeste, teremos acréscimo de 184% no número de contratações no Governo Lula, em relação ao Governo Fernando Henrique Cardoso. E mais: se analisarmos o montante, veremos que no Governo Fernando Henrique a média anual foi de 614 milhões de reais, enquanto que no Governo Lula tem sido de 1 bilhão de reais, o que representa uma ampliação de 76%.
Na Bahia, o montante das contratações do PRONAF atingiu, no Governo Fernando Henrique, a média anual de 177 milhões de reais, enquanto que no Governo Lula essa média é de 288 milhões de reais. Ou seja, o montante em reais aplicado anualmente durante o Governo Lula é 63% maior do que no Governo anterior. 
No que concerne à pacificação do campo, pela realização de ordenada reforma agrária, o Governo Lula também vem avançando, ainda que a demanda seja sempre crescente. Nos 3 primeiros anos deste Governo, foram destinados exatos 22 milhões, 487 mil e 475 hectares para a reforma agrária. Para se ter idéia do que isso representa, em apenas 3 anos foram assentadas 245 mil famílias, o que representa um terço dos assentamentos realizados pelo INCRA em seus 35 anos de existência. 
O acesso à terra se completa com o Programa de Crédito Fundiário. Segundo informações da Secretaria da Agricultura do Estado divulgadas em seu sítio na Internet, a Bahia vem à frente dos demais Estados da Federação em aplicação dos recursos do Programa de Crédito Fundiário, do Governo Federal. No corrente ano, o Programa já possibilitou o assentamento de 110 famílias de trabalhadores rurais. Outros 13 contratos estão em fase final nos bancos para financiamento, o que vai assegurar a aquisição de terra para mais 435 famílias de agricultores baianos. 
Os empréstimos do Programa de Crédito Fundiário podem ser usados para compra de terra destinada a assentamento, obras de infra-estrutura e investimentos na atividade produtiva. O financiamento para aquisição de terra possui os menores custos do mercado, com 3 anos de carência e até 40% de abatimento para quem pagar em dia. No Estado, o programa é coordenado pelas Secretarias da Agricultura, por intermédio da sua Coordenação de Desenvolvimento Agrário - CDA e do Planejamento, via Companhia de Desenvolvimento e Ação Regional  - CAR.
Ainda haveria, Sras. e Srs. Deputados, muito mais a destacar: é o caso do Programa Luz para Todos, que tem levado energia para o campo, ação fundamental para elevar os índices de produtividade e levar o conforto e lazer para as famílias rurais. 
E a Bahia, Sr. Presidente, Sras. e Srs. Deputados, não está à margem desse processo. Do contrário, a pujança do setor no meu Estado demonstra que, a par do intenso processo de industrialização lá implantado, do crescimento das cidades e, com isso, do setor terciário da economia, ainda os produtos do campo e sua conseqüente transformação industrial representam importante fator de riqueza. Algo entre 10% e 13% do PIB estadual provêm do agronegócio. Observa-se intensa diversificação de atividades, com variada criação de oportunidades econômicas.
No oeste do Estado, na região de Barreiras, destaca-se a produção de grãos, notadamente a soja, que já atingiu 5% da produção nacional e, segundo estudos, em breve elevará tal percentual para cerca de 10%. A produção de milho já ultrapassou 1 milhão de toneladas, o que atrai a produção de frangos e suínos.
O algodão é, hoje, incontestável realidade, com plantios que atingem a faixa de 50 mil hectares. Registre-se que essa lavoura foi implantada, nessa região da Bahia, segundo moldes tecnológicos de excelência.
Também o café irrigado é realidade na agricultura baiana, diversificando as regiões produtoras brasileiras e dando novas opções ao empreendedorismo dos agricultores baianos, que têm obtido produtividade acima de muitas regiões tradicionais produtoras brasileiras. A par disso, a mamona, sempre presente na agricultura da Bahia, torna-se hoje grande opção energética, em vista da produção do biodiesel, que revolucionará a matriz energética brasileira e caracterizará uma importante opção de produção para o agricultor familiar. 
Na semana passada a PETROBRAS anunciou novo produto: o H-Bio, combustível que utiliza na sua composição óleos vegetais. O produto haverá de se constituir, em curto espaço de tempo, em importante incremento para o agronegócio e impulsionará o que o Presidente Lula designou como revolução energética. A produção em escala, a se iniciar ainda este ano, deverá consumir, a partir de 2008, cerca de 425 mil metros cúbicos de óleo vegetal, permitindo uma redução de 25% das importações de óleo diesel. 
A soja terá preferência no abastecimento das refinarias. Os testes, porém, mostraram que a mamona, o girassol, o dendê e o algodão também podem ser utilizados como matéria-prima. O H-Bio é um combustível mais limpo por liberar menos partículas de enxofre, embora apresente as características normais do diesel.
Voltando às potencialidades baianas, outra importante vertente de riqueza em nosso Estado é a fruticultura, em especial no pólo Juazeiro-Petrolina. Há que se registrar que essa atividade tem importante viés econômico, tanto pela geração de renda e de divisas de exportação, quanto em razão de seu apreciável valor na geração de empregos: 100 hectares irrigados geram entre 50 e 650 empregos diretos, conforme a atividade agrícola empreendida, enquanto a agricultura de sequeiro gera, em média, apenas 30 empregos por hectare.
Merece destaque também o potencial representado pelo complexo agroflorestal. A despeito das válidas e necessárias preocupações com as questões ambientais envolvidas e da necessidade de um adequado planejamento das atividades, não se pode deixar de reconhecer que a atividade florestal, com a decorrente industrialização para produção de papel e celulose, pode representar inestimável contribuição para a geração de empregos e para a produção de riquezas na região. 
O cacau, produto típico da economia baiana, começa a apresentar considerável recuperação. Nesse processo há que se salientar a atuação da CEPLAC no desenvolvimento de pesquisa avançada no campo da clonagem de variedades resistentes à vassoura-de-bruxa e também experiências com o cultivo do cacaueiro em regiões não tradicionais, como o semi-árido baiano.
Finalmente, creio importante registrar que, além do cacau temos, no extremo sul do Estado, modernas atividades agropecuárias, como produção de mamão, pecuária e outras, que ampliam o leque de produção diversificada daquele Estado.
Ao concluir, Sr. Presidente, Sras. e Srs. Deputados, quero registrar minha esperança e minha confiança no setor agropecuário nacional e, em especial, em meu Estado da Bahia. A política agrícola conduzida pelo Governo Federal tem sido capaz de amenizar os efeitos da crise que se abate sobre o setor e permitir que se mantenha a firme perspectiva de um agronegócio forte, de um segmento de agricultores familiares com dinâmica atuação na produção e na geração de empregos e um país que será, incontestavelmente, líder mundial na produção agropecuária. 
A Bahia, por seus agricultores e pecuaristas, será sempre determinante na formação dos números de produção e emprego agropecuário, que se constituem motivo de orgulho a todos os brasileiros!"
